33 719
CONFIG 720 10 3000 10 24 100 0.005 3 4 24 1
ENGINE 1.32.7 bc8a54879ef02c7ea64b8b333d6a976f0ea65c4949149d01f463f23bccee653e
1 1 0 0 1 3 1 1
1 1 0 0 1 3 1 1
1 0 8 1 1
1 0 8 1 1
1 1 9 0 1 3 1 1
1 1 9 0 1 3 1 1
1 0 0 0 1
1 0 0 0 1
1 0 0 0 1
1 0 0 0 1
1 0 0 0 1
1 0 0 0 1
1 0 0 0 1
1 0 0 0 1
1 0 0 0 1
1 0 0 0 1
1 0 0 0 1
1 0 0 0 1
1 0 0 0 1
1 0 0 0 1
1 0 0 0 1
1 0 0 0 1
1 0 0 0 1
1 0 0 0 1
1 0 0 0 1
1 0 0 0 1
1 0 0 0 1
1 0 0 0 1
1 0 0 0 1
1 0 0 0 1
1 0 0 0 1
1 0 0 0 1
1 0 0 0 1
1 0 0 0 1
1 0 0 0 1
1 0 0 0 1
1 0 0 0 1
1 0 0 0 1
1 0 0 0 1
1 0 0 0 1
1 0 0 0 1
1 0 0 0 1
1 0 0 0 1
1 0 0 0 1
1 0 0 0 1
1 0 0 0 1
1 0 0 0 1
1 0 0 0 1
1 0 9 0 1
1 0 9 0 1
1 0 0 0 1
1 0 0 0 1
1 0 0 0 1
1 0 0 0 1
1 0 0 0 1
1 0 0 0 1
1 0 0 0 1
1 0 0 0 1
1 0 0 0 1
1 0 0 0 1
1 0 0 0 1
1 0 0 0 1
1 0 0 0 1
1 0 0 0 1
1 0 0 0 1
1 0 0 0 1
1 0 0 0 1
1 0 0 0 1
1 0 0 0 1
1 0 0 0 1
1 0 0 0 1
1 0 0 0 1
1 0 0 0 1
1 0 0 0 1
1 0 0 0 1
1 0 0 0 1
1 0 0 0 1
1 0 0 0 1
1 0 0 0 1
1 0 0 0 1
1 0 0 0 1
1 0 0 0 1
1 0 0 0 1
1 0 0 0 1
1 0 0 0 1
1 0 0 0 1
1 0 0 0 1
1 0 0 0 1
1 0 0 0 1
1 0 0 0 1
1 0 0 0 1
1 0 0 0 1
1 0 0 0 1
1 0 0 0 1
1 0 0 0 1
1 0 0 0 1
1 0 9 0 1
1 0 9 0 1
1 0 0 0 1
1 0 0 0 1
1 0 0 0 1
1 0 0 0 1
1 0 0 0 1
1 0 0 0 1
1 0 0 0 1
1 0 0 0 1
1 0 0 0 1
1 0 0 0 1
1 0 0 0 1
1 0 0 0 1
1 0 0 0 1
1 0 0 0 1
1 0 0 0 1
1 0 0 0 1
1 0 0 0 1
1 0 0 0 1
1 0 0 0 1
1 0 0 0 1
1 0 0 0 1
1 0 0 0 1
1 0 0 0 1
1 0 0 0 1
1 0 0 0 1
1 0 0 0 1
1 0 0 0 1
1 0 0 0 1
1 0 0 0 1
1 0 0 0 1
1 0 0 0 1
1 0 0 0 1
1 0 0 0 1
1 0 0 0 1
1 0 0 0 1
1 0 0 0 1
1 0 0 0 1
1 0 0 0 1
1 0 0 0 1
1 0 0 0 1
1 0 0 0 1
1 0 0 0 1
1 0 0 0 1
1 0 0 0 1
1 0 0 0 1
1 0 0 0 1
1 0 10 0 1
1 0 10 0 1
1 0 8 1 1
1 0 8 1 1
1 1 9 0 1 3 1 1
1 1 9 0 1 3 1 1
1 0 0 0 1
1 0 0 0 1
1 0 0 0 1
1 0 0 0 1
1 0 0 0 1
1 0 0 0 1
1 0 0 0 1
1 0 0 0 1
1 0 0 0 1
1 0 0 0 1
1 0 0 0 1
1 0 0 0 1
1 0 0 0 1
1 0 0 0 1
1 0 0 0 1
1 0 0 0 1
1 0 0 0 1
1 0 0 0 1
1 0 0 0 1
1 0 0 0 1
1 0 0 0 1
1 0 0 0 1
1 0 0 0 1
1 0 0 0 1
1 0 0 0 1
1 0 0 0 1
1 0 0 0 1
1 0 0 0 1
1 0 0 0 1
1 0 0 0 1
1 0 0 0 1
1 0 0 0 1
1 0 0 0 1
1 0 0 0 1
1 0 0 0 1
1 0 0 0 1
1 0 0 0 1
1 0 0 0 1
1 0 0 0 1
1 0 0 0 1
1 0 0 0 1
1 0 0 0 1
1 1 9 0 1 6 1 2
1 1 9 0 1 6 1 2
1 0 0 0 1
1 0 0 0 1
1 0 0 0 1
1 0 0 0 1
1 0 0 0 1
1 0 0 0 1
1 0 0 0 1
1 0 0 0 1
1 0 0 0 1
1 0 0 0 1
1 0 0 0 1
1 0 0 0 1
1 0 0 0 1
1 0 0 0 1
1 0 0 0 1
1 0 0 0 1
1 0 0 0 1
1 0 0 0 1
1 0 0 0 1
1 0 0 0 1
1 0 0 0 1
1 0 0 0 1
1 0 0 0 1
1 0 0 0 1
1 0 0 0 1
1 0 0 0 1
1 0 0 0 1
1 0 0 0 1
1 0 0 0 1
1 0 0 0 1
1 0 0 0 1
1 0 0 0 1
1 0 0 0 1
1 0 0 0 1
1 0 0 0 1
1 0 0 0 1
1 0 0 0 1
1 0 0 0 1
1 0 0 0 1
1 0 0 0 1
1 0 0 0 1
1 0 0 0 1
1 0 0 0 1
1 0 0 0 1
1 0 0 0 1
1 0 0 0 1
1 0 9 0 1
1 0 9 0 1
1 0 0 0 1
1 0 0 0 1
1 0 0 0 1
1 0 0 0 1
1 0 0 0 1
1 0 0 0 1
1 0 0 0 1
1 0 0 0 1
1 0 0 0 1
1 0 0 0 1
1 0 0 0 1
1 0 0 0 1
1 0 0 0 1
1 0 0 0 1
1 0 0 0 1
1 0 0 0 1
1 0 0 0 1
1 0 0 0 1
1 0 0 0 1
1 0 0 0 1
1 0 0 0 1
1 0 0 0 1
1 0 0 0 1
1 0 0 0 1
1 0 0 0 1
1 0 0 0 1
1 0 0 0 1
1 0 0 0 1
1 0 0 0 1
1 0 0 0 1
1 0 0 0 1
1 0 0 0 1
1 0 0 0 1
1 0 0 0 1
1 0 0 0 1
1 0 0 0 1
1 0 0 0 1
1 0 0 0 1
1 0 0 0 1
1 0 0 0 1
1 0 0 0 1
1 0 0 0 1
1 0 0 0 1
1 0 0 0 1
1 0 0 0 1
1 0 0 0 1
1 0 10 0 1
1 0 10 0 1
1 0 8 1 1
1 0 8 1 1
1 1 9 0 1 3 1 1
1 1 9 0 1 3 1 1
1 0 0 0 1
1 0 0 0 1
1 0 0 0 1
1 0 0 0 1
1 0 0 0 1
1 0 0 0 1
1 0 0 0 1
1 0 0 0 1
1 0 0 0 1
1 0 0 0 1
1 0 0 0 1
1 0 0 0 1
1 0 0 0 1
1 0 0 0 1
1 0 0 0 1
1 0 0 0 1
1 0 0 0 1
1 0 0 0 1
1 0 0 0 1
1 0 0 0 1
1 0 0 0 1
1 0 0 0 1
1 0 0 0 1
1 0 0 0 1
1 0 0 0 1
1 0 0 0 1
1 0 0 0 1
1 0 0 0 1
1 0 0 0 1
1 0 0 0 1
1 0 0 0 1
1 0 0 0 1
1 0 0 0 1
1 0 0 0 1
1 0 0 0 1
1 0 0 0 1
1 0 0 0 1
1 0 0 0 1
1 0 0 0 1
1 0 0 0 1
1 0 0 0 1
1 0 0 0 1
1 1 9 0 1 6 1 2
1 1 9 0 1 6 1 2
1 0 0 0 1
1 0 0 0 1
1 0 0 0 1
1 0 0 0 1
1 0 0 0 1
1 0 0 0 1
1 0 0 0 1
1 0 0 0 1
1 0 0 0 1
1 0 0 0 1
1 0 0 0 1
1 0 0 0 1
1 0 0 0 1
1 0 0 0 1
1 0 0 0 1
1 0 0 0 1
1 0 0 0 1
1 0 0 0 1
1 0 0 0 1
1 0 0 0 1
1 0 0 0 1
1 0 0 0 1
1 0 0 0 1
1 0 0 0 1
1 0 0 0 1
1 0 0 0 1
1 0 0 0 1
1 0 0 0 1
1 0 0 0 1
1 0 0 0 1
1 0 0 0 1
1 0 0 0 1
1 0 0 0 1
1 0 0 0 1
1 0 0 0 1
1 0 0 0 1
1 0 0 0 1
1 0 0 0 1
1 0 0 0 1
1 0 0 0 1
1 0 0 0 1
1 0 0 0 1
1 0 0 0 1
1 0 0 0 1
1 0 0 0 1
1 0 0 0 1
1 0 9 0 1
1 0 9 0 1
1 0 0 0 1
1 0 0 0 1
1 0 0 0 1
1 0 0 0 1
1 0 0 0 1
1 0 0 0 1
1 0 0 0 1
1 0 0 0 1
1 0 0 0 1
1 0 0 0 1
1 0 0 0 1
1 0 0 0 1
1 0 0 0 1
1 0 0 0 1
1 0 0 0 1
1 0 0 0 1
1 0 0 0 1
1 0 0 0 1
1 0 0 0 1
1 0 0 0 1
1 0 0 0 1
1 0 0 0 1
1 0 0 0 1
1 0 0 0 1
1 0 0 0 1
1 0 0 0 1
1 0 0 0 1
1 0 0 0 1
1 0 0 0 1
1 0 0 0 1
1 0 0 0 1
1 0 0 0 1
1 0 0 0 1
1 0 0 0 1
1 0 0 0 1
1 0 0 0 1
1 0 0 0 1
1 0 0 0 1
1 0 0 0 1
1 0 0 0 1
1 0 0 0 1
1 0 0 0 1
1 0 0 0 1
1 0 0 0 1
1 0 0 0 1
1 0 0 0 1
1 0 10 0 1
1 0 10 0 1
1 0 8 1 1
1 0 8 1 1
1 1 9 0 1 3 1 1
1 1 9 0 1 3 1 1
1 0 0 0 1
1 0 0 0 1
1 0 0 0 1
1 0 0 0 1
1 0 0 0 1
1 0 0 0 1
1 0 0 0 1
1 0 0 0 1
1 0 0 0 1
1 0 0 0 1
1 0 0 0 1
1 0 0 0 1
1 0 0 0 1
1 0 0 0 1
1 0 0 0 1
1 0 0 0 1
1 0 0 0 1
1 0 0 0 1
1 0 0 0 1
1 0 0 0 1
1 0 0 0 1
1 0 0 0 1
1 0 0 0 1
1 0 0 0 1
1 0 0 0 1
1 0 0 0 1
1 0 0 0 1
1 0 0 0 1
1 0 0 0 1
1 0 0 0 1
1 0 0 0 1
1 0 0 0 1
1 0 0 0 1
1 0 0 0 1
1 0 0 0 1
1 0 0 0 1
1 0 0 0 1
1 0 0 0 1
1 0 0 0 1
1 0 0 0 1
1 0 0 0 1
1 0 0 0 1
1 1 9 0 1 6 1 2
1 1 9 0 1 6 1 2
1 0 0 0 1
1 0 0 0 1
1 0 0 0 1
1 0 0 0 1
1 0 0 0 1
1 0 0 0 1
1 0 0 0 1
1 0 0 0 1
1 0 0 0 1
1 0 0 0 1
1 0 0 0 1
1 0 0 0 1
1 0 0 0 1
1 0 0 0 1
1 0 0 0 1
1 0 0 0 1
1 0 0 0 1
1 0 0 0 1
1 0 0 0 1
1 0 0 0 1
1 0 0 0 1
1 0 0 0 1
1 0 0 0 1
1 0 0 0 1
1 0 0 0 1
1 0 0 0 1
1 0 0 0 1
1 0 0 0 1
1 0 0 0 1
1 0 0 0 1
1 0 0 0 1
1 0 0 0 1
1 0 0 0 1
1 0 0 0 1
1 0 0 0 1
1 0 0 0 1
1 0 0 0 1
1 0 0 0 1
1 0 0 0 1
1 0 0 0 1
1 0 0 0 1
1 0 0 0 1
1 0 0 0 1
1 0 0 0 1
1 0 0 0 1
1 0 0 0 1
1 0 9 0 1
1 0 9 0 1
1 0 0 0 1
1 0 0 0 1
1 0 0 0 1
1 0 0 0 1
1 0 0 0 1
1 0 0 0 1
1 0 0 0 1
1 0 0 0 1
1 0 0 0 1
1 0 0 0 1
1 0 0 0 1
1 0 0 0 1
1 0 0 0 1
1 0 0 0 1
1 0 0 0 1
1 0 0 0 1
1 0 0 0 1
1 0 0 0 1
1 0 0 0 1
1 0 0 0 1
1 0 0 0 1
1 0 0 0 1
1 0 0 0 1
1 0 0 0 1
1 0 0 0 1
1 0 0 0 1
1 0 0 0 1
1 0 0 0 1
1 0 0 0 1
1 0 0 0 1
1 0 0 0 1
1 0 0 0 1
1 0 0 0 1
1 0 0 0 1
1 0 0 0 1
1 0 0 0 1
1 0 0 0 1
1 0 0 0 1
1 0 0 0 1
1 0 0 0 1
1 0 0 0 1
1 0 0 0 1
1 0 0 0 1
1 0 0 0 1
1 0 0 0 1
1 0 0 0 1
1 0 10 0 1
1 0 10 0 1
1 0 8 1 1
1 0 8 1 1
1 1 9 0 1 3 1 1
1 1 9 0 1 3 1 1
1 0 0 0 1
1 0 0 0 1
1 0 0 0 1
1 0 0 0 1
1 0 0 0 1
1 0 0 0 1
1 0 0 0 1
1 0 0 0 1
1 0 0 0 1
1 0 0 0 1
1 0 0 0 1
1 0 0 0 1
1 0 0 0 1
1 0 0 0 1
1 0 0 0 1
1 0 0 0 1
1 0 0 0 1
1 0 0 0 1
1 0 0 0 1
1 0 0 0 1
1 0 0 0 1
1 0 0 0 1
1 0 0 0 1
1 0 0 0 1
1 0 0 0 1
1 0 0 0 1
1 0 0 0 1
1 0 0 0 1
1 0 0 0 1
1 0 0 0 1
1 0 0 0 1
1 0 0 0 1
1 0 0 0 1
1 0 0 0 1
1 0 0 0 1
1 0 0 0 1
1 0 0 0 1
1 0 0 0 1
1 0 0 0 1
1 0 0 0 1
1 0 0 0 1
1 0 0 0 1
1 1 9 0 1 6 1 2
1 1 9 0 1 6 1 2
1 0 0 0 1
1 0 0 0 1
1 0 0 0 1
1 0 0 0 1
1 0 0 0 1
1 0 0 0 1
1 0 0 0 1
1 0 0 0 1
1 0 0 0 1
1 0 0 0 1
1 0 0 0 1
1 0 0 0 1
1 0 0 0 1
1 0 0 0 1
1 0 0 0 1
1 0 0 0 1
1 0 0 0 1
1 0 0 0 1
1 0 0 0 1
1 0 0 0 1
1 0 0 0 1
1 0 0 0 1
1 0 0 0 1
1 0 0 0 1
1 0 0 0 1
1 0 0 0 1
1 0 0 0 1
1 0 0 0 1
1 0 0 0 1
1 0 0 0 1
1 0 0 0 1
1 0 0 0 1
1 0 0 0 1
1 0 0 0 1
1 0 0 0 1
1 0 0 0 1
1 0 0 0 1
1 0 0 0 1
1 0 0 0 1
1 0 0 0 1
1 0 0 0 1
1 0 0 0 1
1 0 0 0 1
1 0 0 0 1
1 0 0 0 1
1 0 0 0 1
1 0 9 0 1
1 0 9 0 1
1 0 0 0 1
1 0 0 0 1
1 0 0 0 1
1 0 0 0 1
1 0 0 0 1
1 0 0 0 1
1 0 0 0 1
1 0 0 0 1
1 0 0 0 1
1 0 0 0 1
1 0 0 0 1
1 0 0 0 1
1 0 0 0 1
1 0 0 0 1
1 0 0 0 1
1 0 0 0 1
1 0 0 0 1
1 0 0 0 1
1 0 0 0 1
1 0 0 0 1
1 0 0 0 1
1 0 0 0 1
1 0 0 0 1
1 0 0 0 1
1 0 0 0 1
1 0 0 0 1
1 0 0 0 1
1 0 0 0 1
1 0 0 0 1
1 0 0 0 1
1 0 0 0 1
1 0 0 0 1
1 0 0 0 1
1 0 0 0 1
1 0 0 0 1
1 0 0 0 1
1 0 0 0 1
1 0 0 0 1
1 0 0 0 1
1 0 0 0 1
1 0 0 0 1
1 0 0 0 1
1 0 0 0 1
1 0 0 0 1
1 0 0 0 1
1 0 0 0 1
1 0 10 0 1
1 0 10 0 1
1 0 8 1 1
1 0 8 1 1
1 1 9 0 1 3 1 1
1 1 9 0 1 3 1 1
1 0 0 0 1
1 0 0 0 1
1 0 0 0 1
1 0 0 0 1
1 0 0 0 1
1 0 0 0 1
1 0 0 0 1
1 0 0 0 1
1 0 0 0 1
1 0 0 0 1
1 0 0 0 1
1 0 0 0 1
1 0 0 0 1
1 0 0 0 1
1 0 0 0 1
1 0 0 0 1
1 0 0 0 1
1 0 0 0 1
1 0 0 0 1
1 0 0 0 1
1 0 0 0 1
1 0 0 0 1
1 0 0 0 1
1 0 0 0 1
1 0 0 0 1
1 0 0 0 1
1 0 0 0 1
1 0 0 0 1
1 0 0 0 1
1 0 0 0 1
1 0 0 0 1
1 0 0 0 1
1 0 0 0 1
1 0 0 0 1
1 0 0 0 1
1 0 0 0 1
1 0 0 0 1
1 0 0 0 1
1 0 0 0 1
1 0 0 0 1
1 0 0 0 1
1 0 0 0 1
1 1 9 0 1 6 1 2
1 1 9 0 1 6 1 2
1 0 0 0 1
1 0 0 0 1
1 0 0 0 1
1 0 0 0 1
1 0 0 0 1
1 0 0 0 1
1 0 0 0 1
1 0 0 0 1
1 0 0 0 1
1 0 0 0 1
1 0 0 0 1
1 0 0 0 1
1 0 0 0 1
1 0 0 0 1
1 0 0 0 1
1 0 0 0 1
1 0 0 0 1
1 0 0 0 1
1 0 0 0 1
1 0 0 0 1
1 0 0 0 1
1 0 0 0 1
1 0 0 0 1
1 0 0 0 1
1 0 0 0 1
1 0 0 0 1
1 0 0 0 1
1 0 0 0 1
1 0 0 0 1
1 0 0 0 1
1 0 0 0 1
1 0 0 0 1
1 0 0 0 1
1 0 0 0 1
1 0 0 0 1
1 0 0 0 1
1 0 0 0 1
1 0 0 0 1
1 0 0 0 1
1 0 0 0 1
1 0 0 0 1
1 0 0 0 1
1 0 0 0 1
1 0 0 0 1
1 0 0 0 1
1 0 0 0 1
1 0 9 0 1
1 0 9 0 1
1 0 0 0 1
1 0 0 0 1
1 0 0 0 1
1 0 0 0 1
1 0 0 0 1
1 0 0 0 1
1 0 0 0 1
1 0 0 0 1
1 0 0 0 1
1 0 0 0 1
1 0 0 0 1
1 0 0 0 1
1 0 0 0 1
1 0 0 0 1
1 0 0 0 1
1 0 0 0 1
1 0 0 0 1
1 0 0 0 1
1 0 0 0 1
1 0 0 0 1
1 0 0 0 1
1 0 0 0 1
1 0 0 0 1
1 0 0 0 1
1 0 0 0 1
1 0 0 0 1
1 0 0 0 1
1 0 0 0 1
1 0 0 0 1
1 0 0 0 1
1 0 0 0 1
1 0 0 0 1
1 0 0 0 1
1 0 0 0 1
1 0 0 0 1
1 0 0 0 1
1 0 0 0 1
1 0 0 0 1
1 0 0 0 1
1 0 0 0 1
1 0 0 0 1
1 0 0 0 1
1 0 0 0 1
1 0 0 0 1
1 0 0 0 1
1 0 0 0 1
1 0 10 0 1
1 0 10 0 1
1 0 8 1 1
1 0 8 1 1
1 1 9 0 1 3 1 1
1 1 9 0 1 3 1 1
1 0 0 0 1
1 0 0 0 1
1 0 0 0 1
1 0 0 0 1
1 0 0 0 1
1 0 0 0 1
1 0 0 0 1
1 0 0 0 1
1 0 0 0 1
1 0 0 0 1
1 0 0 0 1
1 0 0 0 1
1 0 0 0 1
1 0 0 0 1
1 0 0 0 1
1 0 0 0 1
1 0 0 0 1
1 0 0 0 1
1 0 0 0 1
1 0 0 0 1
1 0 0 0 1
1 0 0 0 1
1 0 0 0 1
1 0 0 0 1
1 0 0 0 1
1 0 0 0 1
1 0 0 0 1
1 0 0 0 1
1 0 0 0 1
1 0 0 0 1
1 0 0 0 1
1 0 0 0 1
1 0 0 0 1
1 0 0 0 1
1 0 0 0 1
1 0 0 0 1
1 0 0 0 1
1 0 0 0 1
1 0 0 0 1
1 0 0 0 1
1 0 0 0 1
1 0 0 0 1
1 1 9 0 1 6 1 2
1 1 9 0 1 6 1 2
1 0 0 0 1
1 0 0 0 1
1 0 0 0 1
1 0 0 0 1
1 0 0 0 1
1 0 0 0 1
1 0 0 0 1
1 0 0 0 1
1 0 0 0 1
1 0 0 0 1
1 0 0 0 1
1 0 0 0 1
1 0 0 0 1
1 0 0 0 1
1 0 0 0 1
1 0 0 0 1
1 0 0 0 1
1 0 0 0 1
1 0 0 0 1
1 0 0 0 1
1 0 0 0 1
1 0 0 0 1
1 0 0 0 1
1 0 0 0 1
1 0 0 0 1
1 0 0 0 1
1 0 0 0 1
1 0 0 0 1
1 0 0 0 1
1 0 0 0 1
1 0 0 0 1
1 0 0 0 1
1 0 0 0 1
1 0 0 0 1
1 0 0 0 1
1 0 0 0 1
1 0 0 0 1
1 0 0 0 1
1 0 0 0 1
1 0 0 0 1
1 0 0 0 1
1 0 0 0 1
1 0 0 0 1
1 0 0 0 1
1 0 0 0 1
1 0 0 0 1
1 0 9 0 1
1 0 9 0 1
1 0 0 0 1
1 0 0 0 1
1 0 0 0 1
1 0 0 0 1
1 0 0 0 1
1 0 0 0 1
1 0 0 0 1
1 0 0 0 1
1 0 0 0 1
1 0 0 0 1
1 0 0 0 1
1 0 0 0 1
1 0 0 0 1
1 0 0 0 1
1 0 0 0 1
1 0 0 0 1
1 0 0 0 1
1 0 0 0 1
1 0 0 0 1
1 0 0 0 1
1 0 0 0 1
1 0 0 0 1
1 0 0 0 1
1 0 0 0 1
1 0 0 0 1
1 0 0 0 1
1 0 0 0 1
1 0 0 0 1
1 0 0 0 1
1 0 0 0 1
1 0 0 0 1
1 0 0 0 1
1 0 0 0 1
1 0 0 0 1
1 0 0 0 1
1 0 0 0 1
1 0 0 0 1
1 0 0 0 1
1 0 0 0 1
1 0 0 0 1
1 0 0 0 1
1 0 0 0 1
1 0 0 0 1
1 0 0 0 1
1 0 0 0 1
1 0 0 0 1
1 0 10 0 1
1 0 10 0 1
1 0 8 1 1
1 0 8 1 1
1 1 9 0 1 3 1 1
1 1 9 0 1 3 1 1
1 0 0 0 1
1 0 0 0 1
1 0 0 0 1
1 0 0 0 1
1 0 0 0 1
1 0 0 0 1
1 0 0 0 1
1 0 0 0 1
1 0 0 0 1
1 0 0 0 1
1 0 0 0 1
1 0 0 0 1
1 0 0 0 1
1 0 0 0 1
1 0 0 0 1
1 0 0 0 1
1 0 0 0 1
1 0 0 0 1
1 0 0 0 1
1 0 0 0 1
1 0 0 0 1
1 0 0 0 1
1 0 0 0 1
1 0 0 0 1
1 0 0 0 1
1 0 0 0 1
1 0 0 0 1
1 0 0 0 1
1 0 0 0 1
1 0 0 0 1
1 0 0 0 1
1 0 0 0 1
1 0 0 0 1
1 0 0 0 1
1 0 0 0 1
1 0 0 0 1
1 0 0 0 1
1 0 0 0 1
1 0 0 0 1
1 0 0 0 1
1 0 0 0 1
1 0 0 0 1
1 1 9 0 1 6 1 2
1 1 9 0 1 6 1 2
1 0 0 0 1
1 0 0 0 1
1 0 0 0 1
1 0 0 0 1
1 0 0 0 1
1 0 0 0 1
1 0 0 0 1
1 0 0 0 1
1 0 0 0 1
1 0 0 0 1
1 0 0 0 1
1 0 0 0 1
1 0 0 0 1
1 0 0 0 1
1 0 0 0 1
1 0 0 0 1
1 0 0 0 1
1 0 0 0 1
1 0 0 0 1
1 0 0 0 1
1 0 0 0 1
1 0 0 0 1
1 0 0 0 1
1 0 0 0 1
1 0 0 0 1
1 0 0 0 1
1 0 0 0 1
1 0 0 0 1
1 0 0 0 1
1 0 0 0 1
1 0 0 0 1
1 0 0 0 1
1 0 0 0 1
1 0 0 0 1
1 0 0 0 1
1 0 0 0 1
1 0 0 0 1
1 0 0 0 1
1 0 0 0 1
1 0 0 0 1
1 0 0 0 1
1 0 0 0 1
1 0 0 0 1
1 0 0 0 1
1 0 0 0 1
1 0 0 0 1
1 0 9 0 1
1 0 9 0 1
1 0 0 0 1
1 0 0 0 1
1 0 0 0 1
1 0 0 0 1
1 0 0 0 1
1 0 0 0 1
1 0 0 0 1
1 0 0 0 1
1 0 0 0 1
1 0 0 0 1
1 0 0 0 1
1 0 0 0 1
1 0 0 0 1
1 0 0 0 1
1 0 0 0 1
1 0 0 0 1
1 0 0 0 1
1 0 0 0 1
1 0 0 0 1
1 0 0 0 1
1 0 0 0 1
1 0 0 0 1
1 0 0 0 1
1 0 0 0 1
1 0 0 0 1
1 0 0 0 1
1 0 0 0 1
1 0 0 0 1
1 0 0 0 1
1 0 0 0 1
1 0 0 0 1
1 0 0 0 1
1 0 0 0 1
1 0 0 0 1
1 0 0 0 1
1 0 0 0 1
1 0 0 0 1
1 0 0 0 1
1 0 0 0 1
1 0 0 0 1
1 0 0 0 1
1 0 0 0 1
1 0 0 0 1
1 0 0 0 1
1 0 0 0 1
1 0 0 0 1
1 0 10 0 1
1 0 10 0 1
1 0 8 1 1
1 0 8 1 1
1 1 9 0 1 3 1 1
1 1 9 0 1 3 1 1
1 0 0 0 1
1 0 0 0 1
1 0 0 0 1
1 0 0 0 1
1 0 0 0 1
1 0 0 0 1
1 0 0 0 1
1 0 0 0 1
1 0 0 0 1
1 0 0 0 1
1 0 0 0 1
1 0 0 0 1
1 0 0 0 1
1 0 0 0 1
1 0 0 0 1
1 0 0 0 1
1 0 0 0 1
1 0 0 0 1
1 0 0 0 1
1 0 0 0 1
1 0 0 0 1
1 0 0 0 1
1 0 0 0 1
1 0 0 0 1
1 0 0 0 1
1 0 0 0 1
1 0 0 0 1
1 0 0 0 1
1 0 0 0 1
1 0 0 0 1
1 0 0 0 1
1 0 0 0 1
1 0 0 0 1
1 0 0 0 1
1 0 0 0 1
1 0 0 0 1
1 0 0 0 1
1 0 0 0 1
1 0 0 0 1
1 0 0 0 1
1 0 0 0 1
1 0 0 0 1
1 1 9 0 1 6 1 2
1 1 9 0 1 6 1 2
1 0 0 0 1
1 0 0 0 1
1 0 0 0 1
1 0 0 0 1
1 0 0 0 1
1 0 0 0 1
1 0 0 0 1
1 0 0 0 1
1 0 0 0 1
1 0 0 0 1
1 0 0 0 1
1 0 0 0 1
1 0 0 0 1
1 0 0 0 1
1 0 0 0 1
1 0 0 0 1
1 0 0 0 1
1 0 0 0 1
1 0 0 0 1
1 0 0 0 1
1 0 0 0 1
1 0 0 0 1
1 0 0 0 1
1 0 0 0 1
1 0 0 0 1
1 0 0 0 1
1 0 0 0 1
1 0 0 0 1
1 0 0 0 1
1 0 0 0 1
1 0 0 0 1
1 0 0 0 1
1 0 0 0 1
1 0 0 0 1
1 0 0 0 1
1 0 0 0 1
1 0 0 0 1
1 0 0 0 1
1 0 0 0 1
1 0 0 0 1
1 0 0 0 1
1 0 0 0 1
1 0 0 0 1
1 0 0 0 1
1 0 0 0 1
1 0 0 0 1
1 0 9 0 1
1 0 9 0 1
1 0 0 0 1
1 0 0 0 1
1 0 0 0 1
1 0 0 0 1
1 0 0 0 1
1 0 0 0 1
1 0 0 0 1
1 0 0 0 1
1 0 0 0 1
1 0 0 0 1
1 0 0 0 1
1 0 0 0 1
1 0 0 0 1
1 0 0 0 1
1 0 0 0 1
1 0 0 0 1
1 0 0 0 1
1 0 0 0 1
1 0 0 0 1
1 0 0 0 1
1 0 0 0 1
1 0 0 0 1
1 0 0 0 1
1 0 0 0 1
1 0 0 0 1
1 0 0 0 1
1 0 0 0 1
1 0 0 0 1
1 0 0 0 1
1 0 0 0 1
1 0 0 0 1
1 0 0 0 1
1 0 0 0 1
1 0 0 0 1
1 0 0 0 1
1 0 0 0 1
1 0 0 0 1
1 0 0 0 1
1 0 0 0 1
1 0 0 0 1
1 0 0 0 1
1 0 0 0 1
1 0 0 0 1
1 0 0 0 1
1 0 0 0 1
1 0 0 0 1
1 0 10 0 1
1 0 10 0 1
1 0 8 1 1
1 0 8 1 1
1 1 9 0 1 3 1 1
1 1 9 0 1 3 1 1
1 0 0 0 1
1 0 0 0 1
1 0 0 0 1
1 0 0 0 1
1 0 0 0 1
1 0 0 0 1
1 0 0 0 1
1 0 0 0 1
1 0 0 0 1
1 0 0 0 1
1 0 0 0 1
1 0 0 0 1
1 0 0 0 1
1 0 0 0 1
1 0 0 0 1
1 0 0 0 1
1 0 0 0 1
1 0 0 0 1
1 0 0 0 1
1 0 0 0 1
1 0 0 0 1
1 0 0 0 1
1 0 0 0 1
1 0 0 0 1
1 0 0 0 1
1 0 0 0 1
1 0 0 0 1
1 0 0 0 1
1 0 0 0 1
1 0 0 0 1
1 0 0 0 1
1 0 0 0 1
1 0 0 0 1
1 0 0 0 1
1 0 0 0 1
1 0 0 0 1
1 0 0 0 1
1 0 0 0 1
1 0 0 0 1
1 0 0 0 1
1 0 0 0 1
1 0 0 0 1
1 1 9 0 1 6 1 2
1 1 9 0 1 6 1 2
1 0 0 0 1
1 0 0 0 1
1 0 0 0 1
1 0 0 0 1
1 0 0 0 1
1 0 0 0 1
1 0 0 0 1
1 0 0 0 1
1 0 0 0 1
1 0 0 0 1
1 0 0 0 1
1 0 0 0 1
1 0 0 0 1
1 0 0 0 1
1 0 0 0 1
1 0 0 0 1
1 0 0 0 1
1 0 0 0 1
1 0 0 0 1
1 0 0 0 1
1 0 0 0 1
1 0 0 0 1
1 0 0 0 1
1 0 0 0 1
1 0 0 0 1
1 0 0 0 1
1 0 0 0 1
1 0 0 0 1
1 0 0 0 1
1 0 0 0 1
1 0 0 0 1
1 0 0 0 1
1 0 0 0 1
1 0 0 0 1
1 0 0 0 1
1 0 0 0 1
1 0 0 0 1
1 0 0 0 1
1 0 0 0 1
1 0 0 0 1
1 0 0 0 1
1 0 0 0 1
1 0 0 0 1
1 0 0 0 1
1 0 0 0 1
1 0 0 0 1
1 0 9 0 1
1 0 9 0 1
1 0 0 0 1
1 0 0 0 1
1 0 0 0 1
1 0 0 0 1
1 0 0 0 1
1 0 0 0 1
1 0 0 0 1
1 0 0 0 1
1 0 0 0 1
1 0 0 0 1
1 0 0 0 1
1 0 0 0 1
1 0 0 0 1
1 0 0 0 1
1 0 0 0 1
1 0 0 0 1
1 0 0 0 1
1 0 0 0 1
1 0 0 0 1
1 0 0 0 1
1 0 0 0 1
1 0 0 0 1
1 0 0 0 1
1 0 0 0 1
1 0 0 0 1
1 0 0 0 1
1 0 0 0 1
1 0 0 0 1
1 0 0 0 1
1 0 0 0 1
1 0 0 0 1
1 0 0 0 1
1 0 0 0 1
1 0 0 0 1
1 0 0 0 1
1 0 0 0 1
1 0 0 0 1
1 0 0 0 1
1 0 0 0 1
1 0 0 0 1
1 0 0 0 1
1 0 0 0 1
1 0 0 0 1
1 0 0 0 1
TRUTH
3000 3000 10000 10000 10000 10000 10000 10000 10000 10000 10000 1933054426603526306
2980 2980 9999 9999 9999 9999 9999 9999 9999 9999 10000 2251893446929040803
2980 2980 9999 9999 9999 9999 9999 9999 9999 9999 10000 5366052448493230115
2960 2960 9999 9999 9999 9999 9999 9999 9999 9999 10000 17564111529938128091
2960 2960 9999 9999 9999 9999 9999 9999 9999 9999 10000 261361531720588699
2960 2960 9999 9999 9999 9999 9999 9999 9999 9999 10000 17762075525801684059
2960 2960 9999 9999 9999 9999 9999 9999 9999 9999 10000 13375129673543533851
2960 2960 9999 9999 9999 9999 9999 9999 9999 9999 10000 4208804558230342619
2960 2960 9999 9999 9999 9999 9999 9999 9999 9999 10000 3433794299424841883
2960 2960 9999 9999 9999 9999 9999 9999 9999 9999 10000 2487764219796385627
2960 2960 9999 9999 9999 9999 9999 9999 9999 9999 10000 16547562441247787035
2960 2960 9999 9999 9999 9999 9999 9999 9999 9999 10000 7381237325934595803
2960 2960 9999 9999 9999 9999 9999 9999 9999 9999 10000 8525231401426608027
2960 2960 9999 9999 9999 9999 9999 9999 9999 9999 10000 7579201321798151771
2960 2960 9999 9999 9999 9999 9999 9999 9999 9999 10000 3192255469540001563
2960 2960 9999 9999 9999 9999 9999 9999 9999 9999 10000 12472674427936361947
2960 2960 9999 9999 9999 9999 9999 9999 9999 9999 10000 11697664169130861211
2960 2960 9999 9999 9999 9999 9999 9999 9999 9999 10000 10751634089502404955
2960 2960 9999 9999 9999 9999 9999 9999 9999 9999 10000 6364688237244254747
2960 2960 9999 9999 9999 9999 9999 9999 9999 9999 10000 15645107195640615131
2960 2960 9999 9999 9999 9999 9999 9999 9999 9999 10000 16789101271132627355
2960 2960 9999 9999 9999 9999 9999 9999 9999 9999 10000 15843071191504171099
2960 2960 9999 9999 9999 9999 9999 9999 9999 9999 10000 11456125339246020891
2960 2960 9999 9999 9999 9999 9999 9999 9999 9999 10000 2289800223932829659
2960 2960 9999 9999 9999 9999 9999 9999 9999 9999 10000 11573130390031732422
2960 2960 9998 9998 9998 9998 9998 9998 9998 9998 10000 12899043749338256388
2960 2960 9998 9998 9998 9998 9998 9998 9998 9998 10000 14658692598633379716
2960 2960 9998 9998 9998 9998 9998 9998 9998 9998 10000 3803050445579531140
2960 2960 9998 9998 9998 9998 9998 9998 9998 9998 10000 10399378930684319492
2960 2960 9998 9998 9998 9998 9998 9998 9998 9998 10000 17990480851340022532
2960 2960 9998 9998 9998 9998 9998 9998 9998 9998 10000 1303385626925594244
2960 2960 9998 9998 9998 9998 9998 9998 9998 9998 10000 8894487547581297284
2960 2960 9998 9998 9998 9998 9998 9998 9998 9998 10000 5723077934227234484
2960 2960 9998 9998 9998 9998 9998 9998 9998 9998 10000 13314179854882937524
2960 2960 9998 9998 9998 9998 9998 9998 9998 9998 10000 16292174757790476340
2960 2960 9998 9998 9998 9998 9998 9998 9998 9998 10000 5436532604736627764
2960 2960 9998 9998 9998 9998 9998 9998 9998 9998 10000 10814515036229000628
2960 2960 9998 9998 9998 9998 9998 9998 9998 9998 10000 18405616956884703668
2960 2960 9998 9998 9998 9998 9998 9998 9998 9998 10000 2936867786082690868
2960 2960 9998 9998 9998 9998 9998 9998 9998 9998 10000 10527969706738393908
2960 2960 9998 9998 9998 9998 9998 9998 9998 9998 10000 16010444570299232740
2960 2960 9998 9998 9998 9998 9998 9998 9998 9998 10000 5154802417245384164
2960 2960 9998 9998 9998 9998 9998 9998 9998 9998 10000 8515120510662889316
2960 2960 9998 9998 9998 9998 9998 9998 9998 9998 10000 16106222431318592356
2960 2960 9998 9998 9998 9998 9998 9998 9998 9998 10000 2655137598591447268
2960 2960 9998 9998 9998 9998 9998 9998 9998 9998 10000 10246239519247150308
2960 2960 9998 9998 9998 9998 9998 9998 9998 9998 10000 13606557612664655460
2960 2960 9998 9998 9998 9998 9998 9998 9998 9998 10000 2750915459610806884
2960 2960 9998 9998 9998 9998 9998 9998 9998 9998 10000 5446021326768670843
2960 2960 9997 9997 9997 9997 9997 9997 9997 9997 10000 3629397641092801457
2960 2960 9997 9997 9997 9997 9997 9997 9997 9997 10000 10436636275741097201
2960 2960 9997 9997 9997 9997 9997 9997 9997 9997 10000 6893937873490946993
2960 2960 9997 9997 9997 9997 9997 9997 9997 9997 10000 12263533145344717809
2960 2960 9997 9997 9997 9997 9997 9997 9997 9997 10000 8720834743094567601
2960 2960 9997 9997 9997 9997 9997 9997 9997 9997 10000 15528073377742863345
2960 2960 9997 9997 9997 9997 9997 9997 9997 9997 10000 11985374975492713137
2960 2960 9997 9997 9997 9997 9997 9997 9997 9997 10000 15435965913048970993
2960 2960 9997 9997 9997 9997 9997 9997 9997 9997 10000 11893267510798820785
2960 2960 9997 9997 9997 9997 9997 9997 9997 9997 10000 253762071737564913
2960 2960 9997 9997 9997 9997 9997 9997 9997 9997 10000 15157807743196966321
2960 2960 9997 9997 9997 9997 9997 9997 9997 9997 10000 2080658941341185521
2960 2960 9997 9997 9997 9997 9997 9997 9997 9997 10000 16984704612800586929
2960 2960 9997 9997 9997 9997 9997 9997 9997 9997 10000 5345199173739331057
2960 2960 9997 9997 9997 9997 9997 9997 9997 9997 10000 1802500771489180849
2960 2960 9997 9997 9997 9997 9997 9997 9997 9997 10000 9084779632113321553
2960 2960 9997 9997 9997 9997 9997 9997 9997 9997 10000 6658560805026735121
2960 2960 9997 9997 9997 9997 9997 9997 9997 9997 10000 12349319864511467089
2960 2960 9997 9997 9997 9997 9997 9997 9997 9997 10000 9923101037424880657
2960 2960 9997 9997 9997 9997 9997 9997 9997 9997 10000 14176216734115087697
2960 2960 9997 9997 9997 9997 9997 9997 9997 9997 10000 11749997907028501265
2960 2960 9997 9997 9997 9997 9997 9997 9997 9997 10000 17440756966513233233
2960 2960 9997 9997 9997 9997 9997 9997 9997 9997 10000 15014538139426646801
2960 2960 9997 9997 9997 9997 9997 9997 9997 9997 10000 6909752919164240181
2960 2960 9996 9994 9996 9996 9996 9996 9996 9996 10000 4544871747506419083
2960 2960 9996 9994 9996 9996 9996 9996 9996 9996 10000 14101575900954852527
2940 2940 9996 9994 9996 9996 9996 9996 9996 9996 10000 8109730933218928551
2940 2940 9996 9994 9996 9996 9996 9996 9996 9996 10000 8380038691150430887
2940 2940 9996 9992 9996 9996 9996 9996 9996 9996 10000 639521099656818310
2940 2940 9996 9992 9996 9996 9996 9996 9996 9996 10000 12466279870676138630
2940 2940 9996 9992 9996 9996 9996 9996 9996 9996 10000 14672941638239549062
2940 2940 9996 9992 9996 9996 9996 9996 9996 9996 10000 14517822441346156246
2940 2940 9996 9990 9996 9996 9996 9996 9996 9996 10000 10656069009485520060
2940 2940 9996 9990 9996 9996 9996 9996 9996 9996 10000 4036083706795288764
2940 2940 9996 9990 9996 9996 9996 9996 9996 9996 10000 6242745474358699196
2940 2940 9996 9990 9996 9996 9996 9996 9996 9996 10000 6513053232290201532
2940 2940 9996 9988 9996 9996 9996 9996 9996 9996 10000 16924470239569532826
2940 2940 9996 9988 9996 9996 9996 9996 9996 9996 10000 10304484936879301530
2940 2940 9996 9988 9996 9996 9996 9996 9996 9996 10000 12511146704442711962
2940 2940 9996 9988 9996 9996 9996 9996 9996 9996 10000 16923776730407020234
2940 2940 9996 9986 9996 9996 9996 9996 9996 9996 10000 7213780611059696656
2940 2940 9996 9986 9996 9996 9996 9996 9996 9996 10000 593795308369465360
2940 2940 9996 9986 9996 9996 9996 9996 9996 9996 10000 2800457075932875792
2940 2940 9996 9986 9996 9996 9996 9996 9996 9996 10000 3070764833864378128
2940 2940 9996 9984 9996 9996 9996 9996 9996 9996 10000 14827650865837399006
2940 2940 9996 9984 9996 9996 9996 9996 9996 9996 10000 8207665563147167710
2940 2940 9996 9984 9996 9996 9996 9996 9996 9996 10000 10414327330710578142
2940 2940 9996 9984 9996 9996 9996 9996 9996 9996 10000 4425508114567117489
3012 3012 9995 9985 9995 9995 9995 9995 9995 9995 10000 12792078255596314973
3012 3012 9995 9985 9995 9995 9995 9995 9995 9995 10000 7434365529308842525
3012 3012 9995 9985 9995 9995 9995 9995 9995 9995 10000 12579003379659275997
3012 3012 9995 9985 9995 9995 9995 9995 9995 9995 10000 11945572564698426525
3012 3012 9995 9983 9995 9995 9995 9995 9995 9995 10000 533028778156686760
3012 3012 9995 9983 9995 9995 9995 9995 9995 9995 10000 5609871663651797224
3012 3012 9995 9983 9995 9995 9995 9995 9995 9995 10000 3529532331686752808
3012 3012 9995 9983 9995 9995 9995 9995 9995 9995 10000 4227171753979056232
3012 3012 9995 9981 9995 9995 9995 9995 9995 9995 10000 10843472805219802754
3012 3012 9995 9981 9995 9995 9995 9995 9995 9995 10000 5091114668420110530
3012 3012 9995 9981 9995 9995 9995 9995 9995 9995 10000 4356923868167607042
3012 3012 9995 9981 9995 9995 9995 9995 9995 9995 10000 1894396780337446466
3012 3012 9995 9979 9995 9995 9995 9995 9995 9995 10000 4989240501867237033
3012 3012 9995 9979 9995 9995 9995 9995 9995 9995 10000 9424115330218954217
3012 3012 9995 9979 9995 9995 9995 9995 9995 9995 10000 13379597892248114473
3012 3012 9995 9979 9995 9995 9995 9995 9995 9995 10000 936065027609835881
3012 3012 9995 9977 9995 9995 9995 9995 9995 9995 10000 12691653398292389107
3012 3012 9995 9977 9995 9995 9995 9995 9995 9995 10000 8630044929981955635
3012 3012 9995 9977 9995 9995 9995 9995 9995 9995 10000 13785350382107226483
3012 3012 9995 9977 9995 9995 9995 9995 9995 9995 10000 7679015018480830899
3012 3012 9995 9975 9995 9995 9995 9995 9995 9995 10000 18332868048836627197
3012 3012 9995 9975 9995 9995 9995 9995 9995 9995 10000 2398792681349809469
3012 3012 9995 9975 9995 9995 9995 9995 9995 9995 10000 478077541571933053
3012 3012 9995 9975 9995 9995 9995 9995 9995 9995 10000 6050482104529678500
3012 3012 9994 9972 9994 9994 9994 9994 9994 9994 10000 5538941909781606997
3012 3012 9994 9972 9994 9994 9994 9994 9994 9994 10000 10754691487966652629
3012 3012 9994 9972 9994 9994 9994 9994 9994 9994 10000 15967283719983260885
3012 3012 9994 9972 9994 9994 9994 9994 9994 9994 10000 2729974532121880149
3012 3012 9994 9970 9994 9994 9994 9994 9994 9994 10000 7864412685151573483
3012 3012 9994 9970 9994 9994 9994 9994 9994 9994 10000 4258879288963277419
3012 3012 9994 9970 9994 9994 9994 9994 9994 9994 10000 9471471520979885675
3012 3012 9994 9970 9994 9994 9994 9994 9994 9994 10000 13933863589969738267
3012 3012 9994 9968 9994 9994 9994 9994 9994 9994 10000 5321426196893961121
3012 3012 9994 9968 9994 9994 9994 9994 9994 9994 10000 3518250143421948961
3012 3012 9994 9968 9994 9994 9994 9994 9994 9994 10000 8730842375438557217
3012 3012 9994 9968 9994 9994 9994 9994 9994 9994 10000 2512458819234234273
3012 3012 9994 9966 9994 9994 9994 9994 9994 9994 10000 8448118253623410820
3012 3012 9994 9966 9994 9994 9994 9994 9994 9994 10000 8642239894756090116
3012 3012 9994 9966 9994 9994 9994 9994 9994 9994 10000 13854832126772698372
3012 3012 9994 9966 9994 9994 9994 9994 9994 9994 10000 1620898902848793492
3012 3012 9994 9964 9994 9994 9994 9994 9994 9994 10000 5196616883024315878
3012 3012 9994 9964 9994 9994 9994 9994 9994 9994 10000 16285047969899559526
3012 3012 9994 9964 9994 9994 9994 9994 9994 9994 10000 3050896128206616166
3012 3012 9994 9964 9994 9994 9994 9994 9994 9994 10000 2387649505364589030
3012 3012 9994 9962 9994 9994 9994 9994 9994 9994 10000 15573496343416047376
3012 3012 9994 9962 9994 9994 9994 9994 9994 9994 10000 7821078155789848464
3012 3012 9994 9962 9994 9994 9994 9994 9994 9994 10000 13033670387806456720
3012 3012 9994 9962 9994 9994 9994 9994 9994 9994 10000 2709168159689837395
3012 3012 9993 9959 9993 9993 9993 9993 9993 9991 10000 14322896714472646063
3012 3012 9993 9959 9993 9993 9993 9993 9993 9991 10000 11050615674245619955
2992 2992 9993 9959 9993 9993 9993 9993 9993 9991 10000 4065191514368972395
2992 2992 9993 9959 9993 9993 9993 9993 9993 9991 10000 399715377516644651
2992 2992 9993 9957 9993 9993 9993 9993 9993 9989 10000 18076296796009675030
2992 2992 9993 9957 9993 9993 9993 9993 9993 9989 10000 12540256683006013398
2992 2992 9993 9957 9993 9993 9993 9993 9993 9989 10000 3549714047501222166
2992 2992 9993 9957 9993 9993 9993 9993 9993 9989 10000 18360477187768039894
2992 2992 9993 9955 9993 9993 9993 9993 9993 9987 10000 2668451020501069056
2992 2992 9993 9955 9993 9993 9993 9993 9993 9987 10000 3349350467247262400
2992 2992 9993 9955 9993 9993 9993 9993 9993 9987 10000 6588612345702167808
2992 2992 9993 9955 9993 9993 9993 9993 9993 9987 10000 10035610565353517760
2992 2992 9993 9953 9993 9993 9993 9993 9993 9985 10000 11416463130654005822
2992 2992 9993 9953 9993 9993 9993 9993 9993 9985 10000 1233693171789345278
2992 2992 9993 9953 9993 9993 9993 9993 9993 9985 10000 15336624455855104574
2992 2992 9993 9953 9993 9993 9993 9993 9993 9985 10000 75371460304675550
2992 2992 9993 9951 9993 9993 9993 9993 9993 9983 10000 8810104146787006240
2992 2992 9993 9951 9993 9993 9993 9993 9993 9983 10000 2039283381965462368
2992 2992 9993 9951 9993 9993 9993 9993 9993 9983 10000 12730265471988104992
2992 2992 9993 9951 9993 9993 9993 9993 9993 9983 10000 8725543480071717728
2992 2992 9993 9949 9993 9993 9993 9993 9993 9981 10000 11661633646862742519
2992 2992 9993 9949 9993 9993 9993 9993 9993 9981 10000 15828399626591529015
2992 2992 9993 9949 9993 9993 9993 9993 9993 9981 10000 15581794972063841271
2992 2992 9993 9949 9993 9993 9993 9993 9993 9981 10000 10692922696547449676
3070 3070 9992 9950 9992 9992 9992 9992 9992 9978 10000 7882914505505099600
3070 3070 9992 9950 9992 9992 9992 9992 9992 9978 10000 787669561056090960
3070 3070 9992 9950 9992 9992 9992 9992 9992 9978 10000 9301665900442277712
3070 3070 9992 9950 9992 9992 9992 9992 9992 9978 10000 14978159449954108240
3070 3070 9992 9948 9992 9992 9992 9992 9992 9976 10000 5647356888076847371
3070 3070 9992 9948 9992 9992 9992 9992 9992 9976 10000 16998856017337390347
3070 3070 9992 9948 9992 9992 9992 9992 9992 9976 10000 7066108283014025483
3070 3070 9992 9948 9992 9992 9992 9992 9992 9976 10000 5048755161507474651
3070 3070 9992 9946 9992 9992 9992 9992 9992 9974 10000 5064807779113501711
3070 3070 9992 9946 9992 9992 9992 9992 9992 9974 10000 16416306908374044687
3070 3070 9992 9946 9992 9992 9992 9992 9992 9974 10000 6483559174050679823
3070 3070 9992 9946 9992 9992 9992 9992 9992 9974 10000 12160052723562510351
3070 3070 9992 9944 9992 9992 9992 9992 9992 9972 10000 17755470267742498746
3070 3070 9992 9944 9992 9992 9992 9992 9992 9972 10000 10660225323293490106
3070 3070 9992 9944 9992 9992 9992 9992 9992 9972 10000 727477588970125242
3070 3070 9992 9944 9992 9992 9992 9992 9992 9972 10000 10445845569208689066
3070 3070 9992 9942 9992 9992 9992 9992 9992 9970 10000 1051486644706271465
3070 3070 9992 9942 9992 9992 9992 9992 9992 9970 10000 12402985773966814441
3070 3070 9992 9942 9992 9992 9992 9992 9992 9970 10000 2470238039643449577
3070 3070 9992 9942 9992 9992 9992 9992 9992 9970 10000 8146731589155280105
3070 3070 9992 9940 9992 9992 9992 9992 9992 9968 10000 6922570657202547974
3070 3070 9992 9940 9992 9992 9992 9992 9992 9968 10000 18274069786463090950
3070 3070 9992 9940 9992 9992 9992 9992 9992 9968 10000 8341322052139726086
3070 3070 9992 9940 9992 9992 9992 9992 9992 9968 10000 13281303827790813117
3070 3070 9991 9937 9991 9991 9991 9991 9991 9965 10000 12403131197798399720
3070 3070 9991 9937 9991 9991 9991 9991 9991 9965 10000 10737920058058534568
3070 3070 9991 9937 9991 9991 9991 9991 9991 9965 10000 16366428405529656936
3070 3070 9991 9937 9991 9991 9991 9991 9991 9965 10000 2890755836532252200
3070 3070 9991 9935 9991 9991 9991 9991 9991 9963 10000 975975865283908628
3070 3070 9991 9935 9991 9991 9991 9991 9991 9963 10000 1925757719229243604
3070 3070 9991 9935 9991 9991 9991 9991 9991 9963 10000 2075899171738375060
3070 3070 9991 9935 9991 9991 9991 9991 9991 9963 10000 1994490630055607380
3070 3070 9991 9933 9991 9991 9991 9991 9991 9961 10000 14676366822342884855
3070 3070 9991 9933 9991 9991 9991 9991 9991 9961 10000 11991265428028443575
3070 3070 9991 9933 9991 9991 9991 9991 9991 9961 10000 73587954568186231
3070 3070 9991 9933 9991 9991 9991 9991 9991 9961 10000 14841461109402651447
3070 3070 9991 9931 9991 9991 9991 9991 9991 9959 10000 16924630201157614147
3070 3070 9991 9931 9991 9991 9991 9991 9991 9959 10000 8426351150238587395
3070 3070 9991 9931 9991 9991 9991 9991 9991 9959 10000 7793395909618322883
3070 3070 9991 9931 9991 9991 9991 9991 9991 9959 10000 2899798585912110467
3070 3070 9991 9929 9991 9991 9991 9991 9991 9957 10000 4635438372399740042
3070 3070 9991 9929 9991 9991 9991 9991 9991 9957 10000 14811617629811137610
3070 3070 9991 9929 9991 9991 9991 9991 9991 9957 10000 13302234618757943818
3070 3070 9991 9929 9991 9991 9991 9991 9991 9957 10000 16052131179526254538
3070 3070 9991 9927 9991 9991 9991 9991 9991 9955 10000 9938535326098853143
3070 3070 9991 9927 9991 9991 9991 9991 9991 9955 10000 13930523890958514135
3070 3070 9991 9927 9991 9991 9991 9991 9991 9955 10000 432697588993549975
3070 3070 9991 9927 9991 9991 9991 9991 9991 9955 10000 255762671525496639
3070 3070 9989 9924 9990 9990 9990 9989 9990 9952 10000 13003230703629187889
3070 3070 9989 9924 9990 9990 9990 9989 9990 9952 10000 13814976573849452721
3050 3050 9989 9924 9990 9990 9990 9989 9990 9952 10000 10310375639418320681
3050 3050 9989 9924 9990 9990 9990 9989 9990 9952 10000 3576876982717230761
3050 3050 9988 9922 9990 9990 9990 9988 9990 9950 10000 10166485852145400122
3050 3050 9988 9922 9990 9990 9990 9988 9990 9950 10000 5177869745580114106
3050 3050 9988 9922 9990 9990 9990 9988 9990 9950 10000 13258681469248208058
3050 3050 9988 9922 9990 9990 9990 9988 9990 9950 10000 10321984565410706346
3050 3050 9987 9920 9990 9990 9990 9987 9990 9948 10000 5736628503938727287
3050 3050 9987 9920 9990 9990 9990 9987 9990 9948 10000 9206257359617110775
3050 3050 9987 9920 9990 9990 9990 9987 9990 9948 10000 17287069083285204727
3050 3050 9987 9920 9990 9990 9990 9987 9990 9948 10000 2741967361050796151
3050 3050 9986 9918 9990 9990 9990 9986 9990 9946 10000 7779743876273887351
3050 3050 9986 9918 9990 9990 9990 9986 9990 9946 10000 11249372731952270839
3050 3050 9986 9918 9990 9990 9990 9986 9990 9946 10000 883440381910813175
3050 3050 9986 9918 9990 9990 9990 9986 9990 9946 10000 12893382296368081095
3050 3050 9985 9916 9990 9990 9990 9985 9990 9944 10000 15065462760833500821
3050 3050 9985 9916 9990 9990 9990 9985 9990 9944 10000 2744784095620527125
3050 3050 9985 9916 9990 9990 9990 9985 9990 9944 10000 10825595819288621077
3050 3050 9985 9916 9990 9990 9990 9985 9990 9944 10000 12070801617945569685
3050 3050 9984 9914 9990 9990 9990 9984 9990 9942 10000 17188303248683735397
3050 3050 9984 9914 9990 9990 9990 9984 9990 9942 10000 13205928676189697253
3050 3050 9984 9914 9990 9990 9990 9984 9990 9942 10000 2839996326148239589
3050 3050 9984 9914 9990 9990 9990 9984 9990 9942 10000 2042058951111299754
3134 3134 9982 9915 9989 9989 9989 9982 9989 9939 10000 12234141407168650752
3134 3134 9982 9915 9989 9989 9989 9982 9989 9939 10000 12206197052211493056
3134 3134 9982 9915 9989 9989 9989 9982 9989 9939 10000 667493451768686080
3134 3134 9982 9915 9989 9989 9989 9982 9989 9939 10000 7707253537162809280
3134 3134 9981 9913 9989 9989 9989 9981 9989 9937 10000 971023900017595211
3134 3134 9981 9913 9989 9989 9989 9981 9989 9937 10000 9506193808668710411
3134 3134 9981 9913 9989 9989 9989 9981 9989 9937 10000 7851120018327182155
3134 3134 9981 9913 9989 9989 9989 9981 9989 9937 10000 9318585486627016459
3134 3134 9980 9911 9989 9989 9989 9980 9989 9935 10000 14255755846301779315
3134 3134 9980 9911 9989 9989 9989 9980 9989 9935 10000 13978695152056129587
3134 3134 9980 9911 9989 9989 9989 9980 9989 9935 10000 2689107890901814643
3134 3134 9980 9911 9989 9989 9989 9980 9989 9935 10000 9479751637007445811
3134 3134 9979 9909 9989 9989 9989 9979 9989 9933 10000 5670388514180820620
3134 3134 9979 9909 9989 9989 9989 9979 9989 9933 10000 17880490074733359180
3134 3134 9979 9909 9989 9989 9989 9979 9989 9933 10000 12550484632490407564
3134 3134 9979 9909 9989 9989 9989 9979 9989 9933 10000 11362067981048331551
3134 3134 9978 9907 9989 9989 9989 9978 9989 9931 10000 4190035368050410243
3134 3134 9978 9907 9989 9989 9989 9978 9989 9931 10000 12043900319731919091
3134 3134 9978 9907 9989 9989 9989 9978 9989 9931 10000 10584899075647497135
3134 3134 9978 9907 9989 9989 9989 9978 9989 9931 10000 16901567108322731247
3134 3134 9977 9905 9989 9989 9989 9977 9989 9929 10000 10243777327557495454
3134 3134 9977 9905 9989 9989 9989 9977 9989 9929 10000 7562563091452166606
3134 3134 9977 9905 9989 9989 9989 9977 9989 9929 10000 17171037592962527906
3134 3134 9977 9905 9989 9989 9989 9977 9989 9929 10000 10429433436018395811
3134 3134 9975 9902 9988 9988 9988 9975 9988 9926 10000 6615842442345262863
3134 3134 9975 9902 9988 9988 9988 9975 9988 9926 10000 12578446059793278271
3134 3134 9975 9902 9988 9988 9988 9975 9988 9926 10000 15361754752512183923
3134 3134 9975 9902 9988 9988 9988 9975 9988 9926 10000 13137816649388968051
3134 3134 9974 9900 9988 9988 9988 9974 9988 9924 10000 11890026891391313223
3134 3134 9974 9900 9988 9988 9988 9974 9988 9924 10000 16132306013735920183
3134 3134 9974 9900 9988 9988 9988 9974 9988 9924 10000 11821150543701944755
3134 3134 9974 9900 9988 9988 9988 9974 9988 9924 10000 810100080700249635
3134 3134 9973 9898 9988 9988 9988 9973 9988 9922 10000 1884242824971929883
3134 3134 9973 9898 9988 9988 9988 9973 9988 9922 10000 16659329724334474635
3134 3134 9973 9898 9988 9988 9988 9973 9988 9922 10000 9742697031876295887
3134 3134 9973 9898 9988 9988 9988 9973 9988 9922 10000 7518758928753080015
3134 3134 9972 9896 9988 9988 9988 9972 9988 9920 10000 14514341155144076856
3134 3134 9972 9896 9988 9988 9988 9972 9988 9920 10000 1455737969569944232
3134 3134 9972 9896 9988 9988 9988 9972 9988 9920 10000 7264891563849319428
3134 3134 9972 9896 9988 9988 9988 9972 9988 9920 10000 6513769213960362580
3134 3134 9971 9894 9988 9988 9988 9971 9988 9918 10000 5899088731928972452
3134 3134 9971 9894 9988 9988 9988 9971 9988 9918 10000 14959770050876997972
3134 3134 9971 9894 9988 9988 9988 9971 9988 9918 10000 2215143766095827336
3134 3134 9971 9894 9988 9988 9988 9971 9988 9918 10000 18437949736682163080
3134 3134 9970 9892 9988 9988 9988 9970 9988 9916 10000 676243441953597268
3134 3134 9970 9892 9988 9988 9988 9970 9988 9916 10000 10723817811552868612
3134 3134 9970 9892 9988 9988 9988 9970 9988 9916 10000 10814796059915377856
3134 3134 9970 9892 9988 9988 9988 9970 9988 9916 10000 8692616722091058370
3134 3134 9968 9889 9987 9986 9987 9968 9986 9913 10000 34506138816520339
3134 3134 9968 9889 9987 9986 9987 9968 9986 9913 10000 16262929743501488311
3114 3114 9968 9889 9987 9986 9987 9968 9986 9913 10000 7021718680689891075
3114 3114 9968 9889 9987 9986 9987 9968 9986 9913 10000 15187011086719809731
3114 3114 9967 9887 9987 9985 9987 9967 9985 9911 10000 7065784194819058911
3114 3114 9967 9887 9987 9985 9987 9967 9985 9911 10000 5729821053835267823
3114 3114 9967 9887 9987 9985 9987 9967 9985 9911 10000 6255750507648726139
3114 3114 9967 9887 9987 9985 9987 9967 9985 9911 10000 5886470314033069467
3114 3114 9966 9885 9987 9984 9987 9966 9984 9909 10000 18330054359284687865
3114 3114 9966 9885 9987 9984 9987 9966 9984 9909 10000 5860481557332489929
3114 3114 9966 9885 9987 9984 9987 9966 9984 9909 10000 14482775095653826013
3114 3114 9966 9885 9987 9984 9987 9966 9984 9909 10000 16978939191199941021
3114 3114 9965 9883 9987 9983 9987 9965 9983 9907 10000 7214600204965130615
3114 3114 9965 9883 9987 9983 9987 9965 9983 9907 10000 2696914539577311303
3114 3114 9965 9883 9987 9983 9987 9965 9983 9907 10000 17854282122551496635
3114 3114 9965 9883 9987 9983 9987 9965 9983 9907 10000 17383330628871971195
3114 3114 9964 9881 9987 9982 9987 9964 9982 9905 10000 2390015733427353245
3114 3114 9964 9881 9987 9982 9987 9964 9982 9905 10000 3737469961165808653
3114 3114 9964 9881 9987 9982 9987 9964 9982 9905 10000 12012500794654660881
3114 3114 9964 9881 9987 9982 9987 9964 9982 9905 10000 11107426351792551377
3114 3114 9963 9879 9987 9981 9987 9963 9981 9903 10000 5425188035144278531
3114 3114 9963 9879 9987 9981 9987 9963 9981 9903 10000 11018708159762985107
3114 3114 9963 9879 9987 9981 9987 9963 9981 9903 10000 11389533596493444335
3114 3114 9963 9879 9987 9981 9987 9963 9981 9903 10000 17023217949182173068
3202 3202 9961 9880 9986 9979 9986 9961 9979 9900 10000 12767005546211288881
3202 3202 9961 9880 9986 9979 9986 9961 9979 9900 10000 17500646652069698689
3202 3202 9961 9880 9986 9979 9986 9961 9979 9900 10000 7767161436968674429
3202 3202 9961 9880 9986 9979 9986 9961 9979 9900 10000 6070895330816916221
3202 3202 9960 9878 9986 9978 9986 9960 9978 9898 10000 5550639398344669505
3202 3202 9960 9878 9986 9978 9986 9960 9978 9898 10000 1852236501361885265
3202 3202 9960 9878 9986 9978 9986 9960 9978 9898 10000 11698508231372204229
3202 3202 9960 9878 9986 9978 9986 9960 9978 9898 10000 15464632123094442581
3202 3202 9959 9876 9986 9977 9986 9959 9977 9896 10000 10057470203778443352
3202 3202 9959 9876 9986 9977 9986 9959 9977 9896 10000 689347943088050696
3202 3202 9959 9876 9986 9977 9986 9959 9977 9896 10000 3423002382824243404
3202 3202 9959 9876 9986 9977 9986 9959 9977 9896 10000 14792829947077854540
3202 3202 9958 9874 9986 9976 9986 9958 9976 9894 10000 9445674304268178097
3202 3202 9958 9874 9986 9976 9986 9958 9976 9894 10000 13058164416075800865
3202 3202 9958 9874 9986 9976 9986 9958 9976 9894 10000 17921927494229664397
3202 3202 9958 9874 9986 9976 9986 9958 9976 9894 10000 591786315612175741
3202 3202 9957 9872 9986 9975 9986 9957 9975 9892 10000 15300027049847439485
3202 3202 9957 9872 9986 9975 9986 9957 9975 9892 10000 14508008636736578093
3202 3202 9957 9872 9986 9975 9986 9957 9975 9892 10000 1634769865013434841
3202 3202 9957 9872 9986 9975 9986 9957 9975 9892 10000 16943786941673068633
3202 3202 9956 9870 9986 9974 9986 9956 9974 9890 10000 3858367592314077579
3202 3202 9956 9870 9986 9974 9986 9956 9974 9890 10000 13367538710705022299
3202 3202 9956 9870 9986 9974 9986 9956 9974 9890 10000 8833205093850398055
3202 3202 9956 9870 9986 9974 9986 9956 9974 9890 10000 10613400939064774876
3202 3202 9954 9867 9985 9972 9985 9954 9972 9887 10000 10239812398517329484
3202 3202 9954 9867 9985 9972 9985 9954 9972 9887 10000 2072137549546007836
3202 3202 9954 9867 9985 9972 9985 9954 9972 9887 10000 3164008169331475960
3202 3202 9954 9867 9985 9972 9985 9954 9972 9887 10000 154965741736113720
3202 3202 9953 9865 9985 9971 9985 9953 9971 9885 10000 12850444042056485147
3202 3202 9953 9865 9985 9971 9985 9953 9971 9885 10000 8734613406446157995
3202 3202 9953 9865 9985 9971 9985 9953 9971 9885 10000 16451994054718215503
3202 3202 9953 9865 9985 9971 9985 9953 9971 9885 10000 13278830204181206191
3202 3202 9952 9863 9985 9970 9985 9952 9970 9883 10000 9255943374662514987
3202 3202 9952 9863 9985 9970 9985 9952 9970 9883 10000 11355246682749682907
3202 3202 9952 9863 9985 9970 9985 9952 9970 9883 10000 13033157557644208511
3202 3202 9952 9863 9985 9970 9985 9952 9970 9883 10000 18428563115627946175
3202 3202 9951 9861 9985 9969 9985 9951 9969 9881 10000 2302669605572928390
3202 3202 9951 9861 9985 9969 9985 9951 9969 9881 10000 16479533312184168822
3202 3202 9951 9861 9985 9969 9985 9951 9969 9881 10000 7045402773381692786
3202 3202 9951 9861 9985 9969 9985 9951 9969 9881 10000 7172051996902297746
3202 3202 9950 9859 9985 9968 9985 9950 9968 9879 10000 5398798729289055132
3202 3202 9950 9859 9985 9968 9985 9950 9968 9879 10000 2362105423947147180
3202 3202 9950 9859 9985 9968 9985 9950 9968 9879 10000 8612642510234784328
3202 3202 9950 9859 9985 9968 9985 9950 9968 9879 10000 8097142318673931912
3202 3202 9949 9857 9985 9967 9985 9949 9967 9877 10000 14542498228026470199
3202 3202 9949 9857 9985 9967 9985 9949 9967 9877 10000 10602410482208466759
3202 3202 9949 9857 9985 9967 9985 9949 9967 9877 10000 15372292959124234539
3202 3202 9949 9857 9985 9967 9985 9949 9967 9877 10000 8499551710675010210
3202 3202 9946 9854 9984 9964 9984 9946 9965 9874 10000 9219328964347804894
3202 3202 9946 9854 9984 9964 9984 9946 9965 9874 10000 17170643352086857026
3182 3182 9946 9854 9984 9964 9984 9946 9965 9874 10000 10451512870548688454
3182 3182 9946 9854 9984 9964 9984 9946 9965 9874 10000 3231504639203899206
3182 3182 9944 9852 9984 9962 9984 9944 9964 9872 10000 5901657879615297581
3182 3182 9944 9852 9984 9962 9984 9944 9964 9872 10000 8112653292024275645
3182 3182 9944 9852 9984 9962 9984 9944 9964 9872 10000 7439059145707676969
3182 3182 9944 9852 9984 9962 9984 9944 9964 9872 10000 1456440179830134713
3182 3182 9942 9850 9984 9960 9984 9942 9963 9870 10000 18060662401331006721
3182 3182 9942 9850 9984 9960 9984 9942 9963 9870 10000 17603424127821215601
3182 3182 9942 9850 9984 9960 9984 9942 9963 9870 10000 10696579142564550397
3182 3182 9942 9850 9984 9960 9984 9942 9963 9870 10000 3476570911219761149
3182 3182 9940 9848 9984 9958 9984 9940 9962 9868 10000 11404257167461961709
3182 3182 9940 9848 9984 9958 9984 9940 9962 9868 10000 8062764101958281373
3182 3182 9940 9848 9984 9958 9984 9940 9962 9868 10000 14676630888395407545
3182 3182 9940 9848 9984 9958 9984 9940 9962 9868 10000 2216082207942098761
3182 3182 9938 9846 9984 9956 9984 9938 9961 9866 10000 236365120285170718
3182 3182 9938 9846 9984 9956 9984 9938 9961 9866 10000 13220681528427954510
3182 3182 9938 9846 9984 9956 9984 9938 9961 9866 10000 1952348618585092378
3182 3182 9938 9846 9984 9956 9984 9938 9961 9866 10000 13179084460949854746
3182 3182 9936 9844 9984 9954 9984 9936 9960 9864 10000 14013806340364729541
3182 3182 9936 9844 9984 9954 9984 9936 9960 9864 10000 245854427868753781
3182 3182 9936 9844 9984 9954 9984 9936 9960 9864 10000 13159145230011210977
3182 3182 9936 9844 9984 9954 9984 9936 9960 9864 10000 6187014798227713166
3276 3276 9933 9845 9983 9951 9983 9933 9958 9861 10000 10338152343177785156
3276 3276 9933 9845 9983 9951 9983 9933 9958 9861 10000 17725758292271529044
3276 3276 9933 9845 9983 9951 9983 9933 9958 9861 10000 17323841801743731056
3276 3276 9933 9845 9983 9951 9983 9933 9958 9861 10000 4912319513326330288
3276 3276 9931 9843 9983 9949 9983 9931 9957 9859 10000 15765772554493373190
3276 3276 9931 9843 9983 9949 9983 9931 9957 9859 10000 13306265711084576470
3276 3276 9931 9843 9983 9949 9983 9931 9957 9859 10000 14328585029590899826
3276 3276 9931 9843 9983 9949 9983 9931 9957 9859 10000 1165840933032518738
3276 3276 9929 9841 9983 9947 9983 9929 9956 9857 10000 2914723601773799203
3276 3276 9929 9841 9983 9947 9983 9929 9956 9857 10000 2714871781331247795
3276 3276 9929 9841 9983 9947 9983 9929 9956 9857 10000 10697477987355330623
3276 3276 9929 9841 9983 9947 9983 9929 9956 9857 10000 572445403693511807
3276 3276 9927 9839 9983 9945 9983 9927 9955 9855 10000 10764520949416565373
3276 3276 9927 9839 9983 9945 9983 9927 9955 9855 10000 6684776352040413229
3276 3276 9927 9839 9983 9945 9983 9927 9955 9855 10000 4637593931977324529
3276 3276 9927 9839 9983 9945 9983 9927 9955 9855 10000 18425170386406436273
3276 3276 9925 9837 9983 9943 9983 9925 9954 9853 10000 2591949188986796371
3276 3276 9925 9837 9983 9943 9983 9925 9954 9853 10000 17910269803263257251
3276 3276 9925 9837 9983 9943 9983 9925 9954 9853 10000 7980469405865491143
3276 3276 9925 9837 9983 9943 9983 9925 9954 9853 10000 6950465615212813447
3276 3276 9923 9835 9983 9941 9983 9923 9953 9851 10000 11259671634837149163
3276 3276 9923 9835 9983 9941 9983 9923 9953 9851 10000 12084511856320829115
3276 3276 9923 9835 9983 9941 9983 9923 9953 9851 10000 16751852483044165543
3276 3276 9923 9835 9983 9941 9983 9923 9953 9851 10000 14799534854439790246
3276 3276 9920 9832 9982 9938 9982 9920 9951 9848 10000 2867050785563384102
3276 3276 9920 9832 9982 9938 9982 9920 9951 9848 10000 13722059638327615094
3276 3276 9920 9832 9982 9938 9982 9920 9951 9848 10000 4545125659304960418
3276 3276 9920 9832 9982 9938 9982 9920 9951 9848 10000 9728318313134698786
3276 3276 9918 9830 9982 9936 9982 9918 9950 9846 10000 11440349967289201724
3276 3276 9918 9830 9982 9936 9982 9918 9950 9846 10000 15409986846444725516
3276 3276 9918 9830 9982 9936 9982 9918 9950 9846 10000 12702515107901242720
3276 3276 9918 9830 9982 9936 9982 9918 9950 9846 10000 3652478184087882224
3276 3276 9916 9828 9982 9934 9982 9916 9949 9844 10000 6295311156428325425
3276 3276 9916 9828 9982 9934 9982 9916 9949 9844 10000 13377407200320966305
3276 3276 9916 9828 9982 9934 9982 9916 9949 9844 10000 12244969692870132749
3276 3276 9916 9828 9982 9934 9982 9916 9949 9844 10000 12541153288040527757
3276 3276 9914 9826 9982 9932 9982 9914 9948 9842 10000 1221762207202080727
3276 3276 9914 9826 9982 9932 9982 9914 9948 9842 10000 13820480290489545735
3276 3276 9914 9826 9982 9932 9982 9914 9948 9842 10000 18384829896628213643
3276 3276 9914 9826 9982 9932 9982 9914 9948 9842 10000 8192754689521807803
3276 3276 9912 9824 9982 9930 9982 9912 9947 9840 10000 4221832611584506382
3276 3276 9912 9824 9982 9930 9982 9912 9947 9840 10000 6839847702102349598
3276 3276 9912 9824 9982 9930 9982 9912 9947 9840 10000 1591109144053500018
3276 3276 9912 9824 9982 9930 9982 9912 9947 9840 10000 16903046414690522610
3276 3276 9910 9822 9982 9928 9982 9910 9946 9838 10000 14035045939939095411
3276 3276 9910 9822 9982 9928 9982 9910 9946 9838 10000 15051069869747781347
3276 3276 9910 9822 9982 9928 9982 9910 9946 9838 10000 15272017197119959223
3276 3276 9910 9822 9982 9928 9982 9910 9946 9838 10000 8849278479127072823
3276 3276 9906 9818 9980 9924 9981 9907 9944 9835 10000 13533524856409261585
3276 3276 9906 9818 9980 9924 9981 9907 9944 9835 10000 12754168465164492417
3256 3256 9906 9818 9980 9924 9981 9907 9944 9835 10000 11548341056770808637
3256 3256 9906 9818 9980 9924 9981 9907 9944 9835 10000 14987508920486810877
3256 3256 9903 9815 9979 9921 9981 9905 9943 9833 10000 16670146640215652624
3256 3256 9903 9815 9979 9921 9981 9905 9943 9833 10000 15792682824358903840
3256 3256 9903 9815 9979 9921 9981 9905 9943 9833 10000 7172123754384564244
3256 3256 9903 9815 9979 9921 9981 9905 9943 9833 10000 17636321474329298868
3256 3256 9900 9812 9978 9918 9981 9903 9942 9831 10000 9045887460362789023
3256 3256 9900 9812 9978 9918 9981 9903 9942 9831 10000 13882532608999483119
3256 3256 9900 9812 9978 9918 9981 9903 9942 9831 10000 13861299838976905515
3256 3256 9900 9812 9978 9918 9981 9903 9942 9831 10000 5506805416261273707
3256 3256 9897 9809 9977 9915 9981 9901 9941 9829 10000 15875285289570394826
3256 3256 9897 9809 9977 9915 9981 9901 9941 9829 10000 18291691616501256090
3256 3256 9897 9809 9977 9915 9981 9901 9941 9829 10000 518075057918750214
3256 3256 9897 9809 9977 9915 9981 9901 9941 9829 10000 17729839370060452262
3256 3256 9894 9806 9976 9912 9981 9899 9940 9827 10000 1548728761383026787
3256 3256 9894 9806 9976 9912 9981 9899 9940 9827 10000 5068771285302210163
3256 3256 9894 9806 9976 9912 9981 9899 9940 9827 10000 8224175665835980103
3256 3256 9894 9806 9976 9912 9981 9899 9940 9827 10000 4314333175635779975
3256 3256 9891 9803 9975 9909 9981 9897 9939 9825 10000 2214700606190823258
3256 3256 9891 9803 9975 9909 9981 9897 9939 9825 10000 920479618181408554
3256 3256 9891 9803 9975 9909 9981 9897 9939 9825 10000 5596036857367692142
3256 3256 9891 9803 9975 9909 9981 9897 9939 9825 10000 1632695459941020195
3356 3356 9887 9803 9973 9905 9980 9894 9937 9822 10000 12848462840165499439
3356 3356 9887 9803 9973 9905 9980 9894 9937 9822 10000 14987174485908929631
3356 3356 9887 9803 9973 9905 9980 9894 9937 9822 10000 12635426667136702963
3356 3356 9887 9803 9973 9905 9980 9894 9937 9822 10000 7898619907921843187
3356 3356 9884 9800 9972 9902 9980 9892 9936 9820 10000 17724102736390247639
3356 3356 9884 9800 9972 9902 9980 9892 9936 9820 10000 10178377958310782759
3356 3356 9884 9800 9972 9902 9980 9892 9936 9820 10000 10299174524992315099
3356 3356 9884 9800 9972 9902 9980 9892 9936 9820 10000 3727257046964237035
3356 3356 9881 9797 9971 9899 9980 9890 9935 9818 10000 12524370275348135305
3356 3356 9881 9797 9971 9899 9980 9890 9935 9818 10000 7880404218093913081
3356 3356 9881 9797 9971 9899 9980 9890 9935 9818 10000 7440346423735537333
3356 3356 9881 9797 9971 9899 9980 9890 9935 9818 10000 2703539664520677557
3356 3356 9878 9794 9970 9896 9980 9888 9934 9816 10000 9259468909201457174
3356 3356 9878 9794 9970 9896 9980 9888 9934 9816 10000 6347173240307657254
3356 3356 9878 9794 9970 9896 9980 9888 9934 9816 10000 302462047562321250
3356 3356 9878 9794 9970 9896 9980 9888 9934 9816 10000 8322639830943111890
3356 3356 9875 9791 9969 9893 9980 9886 9933 9814 10000 15640064090643599610
3356 3356 9875 9791 9969 9893 9980 9886 9933 9814 10000 13658556164361852330
3356 3356 9875 9791 9969 9893 9980 9886 9933 9814 10000 14650486896522986374
3356 3356 9875 9791 9969 9893 9980 9886 9933 9814 10000 9913680137308126598
3356 3356 9872 9788 9968 9890 9980 9884 9932 9812 10000 15107882083329972729
3356 3356 9872 9788 9968 9890 9980 9884 9932 9812 10000 17347054152538672073
3356 3356 9872 9788 9968 9890 9980 9884 9932 9812 10000 5953100264063089653
3356 3356 9872 9788 9968 9890 9980 9884 9932 9812 10000 9225959435369358790
3356 3356 9868 9784 9966 9886 9979 9881 9930 9809 10000 5389020189900464481
3356 3356 9868 9784 9966 9886 9979 9881 9930 9809 10000 8675000769944350961
3356 3356 9868 9784 9966 9886 9979 9881 9930 9809 10000 8827362786816090965
3356 3356 9868 9784 9966 9886 9979 9881 9930 9809 10000 7112398050906405141
3356 3356 9865 9781 9965 9883 9979 9879 9929 9807 10000 14520307924317050232
3356 3356 9865 9781 9965 9883 9979 9879 9929 9807 10000 14847447096971626344
3356 3356 9865 9781 9965 9883 9979 9879 9929 9807 10000 4963620766221992844
3356 3356 9865 9781 9965 9883 9979 9879 9929 9807 10000 2653433419712137964
3356 3356 9862 9778 9964 9880 9979 9877 9928 9805 10000 17085563888992491763
3356 3356 9862 9778 9964 9880 9979 9877 9928 9805 10000 8998447264674593827
3356 3356 9862 9778 9964 9880 9979 9877 9928 9805 10000 6775328396944448455
3356 3356 9862 9778 9964 9880 9979 9877 9928 9805 10000 14274532498997004423
3356 3356 9859 9775 9963 9877 9979 9875 9927 9803 10000 12912918648286727876
3356 3356 9859 9775 9963 9877 9979 9875 9927 9803 10000 9011063715590385684
3356 3356 9859 9775 9963 9877 9979 9875 9927 9803 10000 3926447772579281800
3356 3356 9859 9775 9963 9877 9979 9875 9927 9803 10000 16369412382750523464
3356 3356 9856 9772 9962 9874 9979 9873 9926 9801 10000 3222834848839802829
3356 3356 9856 9772 9962 9874 9979 9873 9926 9801 10000 8222928428460674301
3356 3356 9856 9772 9962 9874 9979 9873 9926 9801 10000 7895515570702856305
3356 3356 9856 9772 9962 9874 9979 9873 9926 9801 10000 9548872663535067697
3356 3356 9853 9769 9961 9871 9979 9871 9925 9799 10000 10408538752381026850
3356 3356 9853 9769 9961 9871 9979 9871 9925 9799 10000 9869618785658685362
3356 3356 9853 9769 9961 9871 9979 9871 9925 9799 10000 16695251829827242246
3356 3356 9853 9769 9961 9871 9979 9871 9925 9799 10000 18370285018375952443
3356 3356 9848 9765 9959 9866 9978 9867 9923 9796 10000 17997705131971685736
3356 3356 9848 9765 9959 9866 9978 9867 9923 9796 10000 8315920799986599332
3336 3336 9848 9765 9959 9866 9978 9867 9923 9796 10000 9361045525704920680
3336 3336 9848 9765 9959 9866 9978 9867 9923 9796 10000 3451733838382803432
3336 3336 9844 9762 9958 9862 9978 9864 9922 9794 10000 18135041872737134258
3336 3336 9844 9762 9958 9862 9978 9864 9922 9794 10000 5320313967405916130
3336 3336 9844 9762 9958 9862 9978 9864 9922 9794 10000 11860613910254199398
3336 3336 9844 9762 9958 9862 9978 9864 9922 9794 10000 4759650205807010647
3336 3336 9840 9759 9957 9858 9978 9861 9921 9792 10000 144236089658603533
3336 3336 9840 9759 9957 9858 9978 9861 9921 9792 10000 7694178948013010929
3336 3336 9840 9759 9957 9858 9978 9861 9921 9792 10000 2072075519215553317
3336 3336 9840 9759 9957 9858 9978 9861 9921 9792 10000 4603772595571973121
3336 3336 9836 9756 9956 9854 9978 9858 9920 9790 10000 4771040403947294416
3336 3336 9836 9756 9956 9854 9978 9858 9920 9790 10000 2637137688698977100
3336 3336 9836 9756 9956 9854 9978 9858 9920 9790 10000 17916265476284964184
3336 3336 9836 9756 9956 9854 9978 9858 9920 9790 10000 5906665708573224188
3336 3336 9832 9753 9955 9850 9978 9855 9919 9788 10000 1424457337308621564
3336 3336 9832 9753 9955 9850 9978 9855 9919 9788 10000 15976565658731224608
3336 3336 9832 9753 9955 9850 9978 9855 9919 9788 10000 17692931281352353780
3336 3336 9832 9753 9955 9850 9978 9855 9919 9788 10000 11820840925914075120
3336 3336 9828 9750 9954 9846 9978 9852 9918 9786 10000 449791594500572507
3336 3336 9828 9750 9954 9846 9978 9852 9918 9786 10000 1938746666335812703
3336 3336 9828 9750 9954 9846 9978 9852 9918 9786 10000 7846236699664147155
3336 3336 9828 9750 9954 9846 9978 9852 9918 9786 10000 16119609491409346508
3444 3444 9823 9750 9952 9841 9977 9848 9916 9783 10000 7661793600870644940
3444 3444 9823 9750 9952 9841 9977 9848 9916 9783 10000 15253474319867164296
3444 3444 9823 9750 9952 9841 9977 9848 9916 9783 10000 8429429989981676116
3444 3444 9823 9750 9952 9841 9977 9848 9916 9783 10000 12097869687721238488
3444 3444 9819 9747 9951 9837 9977 9845 9915 9781 10000 8441033684034462070
3444 3444 9819 9747 9951 9837 9977 9845 9915 9781 10000 10058717767035305162
3444 3444 9819 9747 9951 9837 9977 9845 9915 9781 10000 9195942920193901614
3444 3444 9819 9747 9951 9837 9977 9845 9915 9781 10000 8970721982367674538
3444 3444 9815 9744 9950 9833 9977 9842 9914 9779 10000 16433843802679966757
3444 3444 9815 9744 9950 9833 9977 9842 9914 9779 10000 9066573439487222161
3444 3444 9815 9744 9950 9833 9977 9842 9914 9779 10000 9594308811222982109
3444 3444 9815 9744 9950 9833 9977 9842 9914 9779 10000 9748731494237378401
3444 3444 9811 9741 9949 9829 9977 9839 9913 9777 10000 855700180329324724
3444 3444 9811 9741 9949 9829 9977 9839 9913 9777 10000 9803390462468129368
3444 3444 9811 9741 9949 9829 9977 9839 9913 9777 10000 15645796324239224380
3444 3444 9811 9741 9949 9829 9977 9839 9913 9777 10000 2375082837002763768
3444 3444 9807 9738 9948 9825 9977 9836 9912 9775 10000 9738211990242737400
3444 3444 9807 9738 9948 9825 9977 9836 9912 9775 10000 7764151850520534884
3444 3444 9807 9738 9948 9825 9977 9836 9912 9775 10000 10754529323183689008
3444 3444 9807 9738 9948 9825 9977 9836 9912 9775 10000 6461388039864985364
3444 3444 9803 9735 9947 9821 9977 9833 9911 9773 10000 15463129522598596115
3444 3444 9803 9735 9947 9821 9977 9833 9911 9773 10000 10856428450861521927
3444 3444 9803 9735 9947 9821 9977 9833 9911 9773 10000 6302144408935854907
3444 3444 9803 9735 9947 9821 9977 9833 9911 9773 10000 11367014817036857994
3444 3444 9798 9731 9945 9816 9976 9829 9909 9770 10000 8015574146783507158
3444 3444 9798 9731 9945 9816 9976 9829 9909 9770 10000 467333493589063690
3444 3444 9798 9731 9945 9816 9976 9829 9909 9770 10000 3048661754575984094
3444 3444 9798 9731 9945 9816 9976 9829 9909 9770 10000 11883636559610266170
3444 3444 9794 9728 9944 9812 9976 9826 9908 9768 10000 4752234789847575365
3444 3444 9794 9728 9944 9812 9976 9826 9908 9768 10000 6690968836058531881
3444 3444 9794 9728 9944 9812 9976 9826 9908 9768 10000 5502681537637815901
3444 3444 9794 9728 9944 9812 9976 9826 9908 9768 10000 10866257787468798169
3444 3444 9790 9725 9943 9808 9976 9823 9907 9766 10000 7237083297940276275
3444 3444 9790 9725 9943 9808 9976 9823 9907 9766 10000 2695659078461787303
3444 3444 9790 9725 9943 9808 9976 9823 9907 9766 10000 4646797408891713931
3444 3444 9790 9725 9943 9808 9976 9823 9907 9766 10000 2894299553448868151
3444 3444 9786 9722 9942 9804 9976 9820 9906 9764 10000 14326085110815752613
3444 3444 9786 9722 9942 9804 9976 9820 9906 9764 10000 15190722480537467025
3444 3444 9786 9722 9942 9804 9976 9820 9906 9764 10000 16488014619719644957
3444 3444 9786 9722 9942 9804 9976 9820 9906 9764 10000 1985545865502475809
3444 3444 9782 9719 9941 9800 9976 9817 9905 9762 10000 12212295687694718479
3444 3444 9782 9719 9941 9800 9976 9817 9905 9762 10000 11108596492794039467
3444 3444 9782 9719 9941 9800 9976 9817 9905 9762 10000 13905586906094310455
3444 3444 9782 9719 9941 9800 9976 9817 9905 9762 10000 3873737681054214139
3444 3444 9778 9716 9940 9796 9976 9814 9904 9760 10000 7090127298140287186
3444 3444 9778 9716 9940 9796 9976 9814 9904 9760 10000 579562238650963014
3444 3444 9778 9716 9940 9796 9976 9814 9904 9760 10000 3922981096083305034
3444 3444 9778 9716 9940 9796 9976 9814 9904 9760 10000 17393887723959490462
3444 3444 9772 9712 9938 9791 9975 9809 9902 9757 10000 4266395543420855386
3444 3444 9772 9712 9938 9791 9975 9809 9902 9757 10000 11131672457222478498
3424 3424 9772 9712 9938 9791 9975 9809 9902 9757 10000 10098754527002614830
3424 3424 9772 9712 9938 9791 9975 9809 9902 9757 10000 883753061480195178
3424 3424 9767 9709 9937 9787 9975 9805 9901 9755 10000 8626736181354806068
3424 3424 9767 9709 9937 9787 9975 9805 9901 9755 10000 16599526568218439688
3424 3424 9767 9709 9937 9787 9975 9805 9901 9755 10000 7956685459261336396
3424 3424 9767 9709 9937 9787 9975 9805 9901 9755 10000 12671779554284448488
3424 3424 9762 9706 9936 9783 9975 9801 9900 9753 10000 1372791890674731594
3424 3424 9762 9706 9936 9783 9975 9801 9900 9753 10000 3474562888345589166
3424 3424 9762 9706 9936 9783 9975 9801 9900 9753 10000 17651367102954498562
3424 3424 9762 9706 9936 9783 9975 9801 9900 9753 10000 7442330716684184126
3424 3424 9757 9703 9935 9779 9975 9797 9899 9751 10000 3226039375461468614
3424 3424 9757 9703 9935 9779 9975 9797 9899 9751 10000 17347427784076239722
3424 3424 9757 9703 9935 9779 9975 9797 9899 9751 10000 10946366628696348430
3424 3424 9757 9703 9935 9779 9975 9797 9899 9751 10000 14784899968056135658
3424 3424 9752 9700 9934 9775 9975 9793 9898 9749 10000 2572952089681651230
3424 3424 9752 9700 9934 9775 9975 9793 9898 9749 10000 15858245910481875418
3424 3424 9752 9700 9934 9775 9975 9793 9898 9749 10000 16064693275830819734
3424 3424 9752 9700 9934 9775 9975 9793 9898 9749 10000 1679953518082167594
3424 3424 9747 9697 9933 9771 9975 9789 9897 9747 10000 16317570126621711247
3424 3424 9747 9697 9933 9771 9975 9789 9897 9747 10000 9867205879355398179
3424 3424 9747 9697 9933 9771 9975 9789 9897 9747 10000 4011166244643180487
3424 3424 9747 9697 9933 9771 9975 9789 9897 9747 10000 14683903453268682266
3541 3541 9741 9697 9931 9766 9974 9784 9895 9744 10000 9246714303710519579
3541 3541 9741 9697 9931 9766 9974 9784 9895 9744 10000 7149994100443365951
3541 3541 9741 9697 9931 9766 9974 9784 9895 9744 10000 7596059523411630211
3541 3541 9741 9697 9931 9766 9974 9784 9895 9744 10000 4347061399927457583
3541 3541 9736 9694 9930 9762 9974 9780 9894 9742 10000 1417122852078785465
3541 3541 9736 9694 9930 9762 9974 9780 9894 9742 10000 12069279863751846189
3541 3541 9736 9694 9930 9762 9974 9780 9894 9742 10000 14023954579117038289
3541 3541 9736 9694 9930 9762 9974 9780 9894 9742 10000 6091787600280898973
3541 3541 9731 9691 9929 9758 9974 9776 9893 9740 10000 9237584548822847902
3541 3541 9731 9691 9929 9758 9974 9776 9893 9740 10000 16146034998690652914
3541 3541 9731 9691 9929 9758 9974 9776 9893 9740 10000 6930079731568592774
3541 3541 9731 9691 9929 9758 9974 9776 9893 9740 10000 17032275203092104194
3541 3541 9726 9688 9928 9754 9974 9772 9892 9738 10000 14815522365637864476
3541 3541 9726 9688 9928 9754 9974 9772 9892 9738 10000 2764088097278533352
3541 3541 9726 9688 9928 9754 9974 9772 9892 9738 10000 16822744862029329332
3541 3541 9726 9688 9928 9754 9974 9772 9892 9738 10000 8351077026669110232
3541 3541 9721 9685 9927 9750 9974 9768 9891 9736 10000 5559394276481333667
3541 3541 9721 9685 9927 9750 9974 9768 9891 9736 10000 3076410752315500415
3541 3541 9721 9685 9927 9750 9974 9768 9891 9736 10000 6435636853039670427
3541 3541 9721 9685 9927 9750 9974 9768 9891 9736 10000 12598574060946548687
3541 3541 9716 9682 9926 9746 9974 9764 9890 9734 10000 4047356941676496092
3541 3541 9716 9682 9926 9746 9974 9764 9890 9734 10000 14231078870175139272
3541 3541 9716 9682 9926 9746 9974 9764 9890 9734 10000 1948617985078824228
3541 3541 9716 9682 9926 9746 9974 9764 9890 9734 10000 15981606272118721543
3541 3541 9710 9678 9924 9741 9973 9759 9888 9731 10000 7098525805719755036
3541 3541 9710 9678 9924 9741 9973 9759 9888 9731 10000 4024772015994283776
3541 3541 9710 9678 9924 9741 9973 9759 9888 9731 10000 5902151514180813284
3541 3541 9710 9678 9924 9741 9973 9759 9888 9731 10000 14256265543718205616
3541 3541 9705 9675 9923 9737 9973 9755 9887 9729 10000 8106161658821686660
3541 3541 9705 9675 9923 9737 9973 9755 9887 9729 10000 13424245654232920152
3541 3541 9705 9675 9923 9737 9973 9755 9887 9729 10000 7140155115705169644
3541 3541 9705 9675 9923 9737 9973 9755 9887 9729 10000 2774790028750207608
3541 3541 9700 9672 9922 9733 9973 9751 9886 9727 10000 2279039357113885832
3541 3541 9700 9672 9922 9733 9973 9751 9886 9727 10000 10172842862480488452
3541 3541 9700 9672 9922 9733 9973 9751 9886 9727 10000 8744730255786995552
3541 3541 9700 9672 9922 9733 9973 9751 9886 9727 10000 17638071141387990420
3541 3541 9695 9669 9921 9729 9973 9747 9885 9725 10000 13558337762464023203
3541 3541 9695 9669 9921 9729 9973 9747 9885 9725 10000 12714716135478846655
3541 3541 9695 9669 9921 9729 9973 9747 9885 9725 10000 1885364368527135035
3541 3541 9695 9669 9921 9729 9973 9747 9885 9725 10000 13852789528848231071
3541 3541 9690 9666 9920 9725 9973 9743 9884 9723 10000 7958151156930033242
3541 3541 9690 9666 9920 9725 9973 9743 9884 9723 10000 7717797824455957718
3541 3541 9690 9666 9920 9725 9973 9743 9884 9723 10000 17388857788976972098
3541 3541 9690 9666 9920 9725 9973 9743 9884 9723 10000 7064067975991483238
3541 3541 9685 9663 9919 9721 9973 9739 9883 9721 10000 15548925911775063650
3541 3541 9685 9663 9919 9721 9973 9739 9883 9721 10000 10785745551567296110
3541 3541 9685 9663 9919 9721 9973 9739 9883 9721 10000 1402582502193337306
3541 3541 9685 9663 9919 9721 9973 9739 9883 9721 10000 10860410179125869319
3541 3541 9679 9659 9917 9716 9972 9734 9881 9718 10000 14450255219771066456
3541 3541 9679 9659 9917 9716 9972 9734 9881 9718 10000 12423408278775968704
3521 3521 9679 9659 9917 9716 9972 9734 9881 9718 10000 13527655428431702964
3521 3521 9679 9659 9917 9716 9972 9734 9881 9718 10000 13919868482540309832
3521 3521 9674 9656 9916 9712 9972 9730 9880 9716 10000 12943289082259103717
3521 3521 9674 9656 9916 9712 9972 9730 9880 9716 10000 4723961742989649457
3521 3521 9674 9656 9916 9712 9972 9730 9880 9716 10000 8861057922758613485
3521 3521 9674 9656 9916 9712 9972 9730 9880 9716 10000 9476478176082428993
3521 3521 9669 9653 9915 9708 9972 9726 9879 9714 10000 14855951041871046811
3521 3521 9669 9653 9915 9708 9972 9726 9879 9714 10000 6069081417340351383
3521 3521 9669 9653 9915 9708 9972 9726 9879 9714 10000 16508011031415212003
3521 3521 9669 9653 9915 9708 9972 9726 9879 9714 10000 8036265576038488071
3521 3521 9664 9650 9914 9704 9972 9722 9878 9712 10000 7318217707195824966
3521 3521 9664 9650 9914 9704 9972 9722 9878 9712 10000 15847252201803221002
3521 3521 9664 9650 9914 9704 9972 9722 9878 9712 10000 3078866021280556526
3521 3521 9664 9650 9914 9704 9972 9722 9878 9712 10000 503075637625871706
3521 3521 9659 9647 9913 9700 9972 9718 9877 9710 10000 7184013703602419866
3521 3521 9659 9647 9913 9700 9972 9718 9877 9710 10000 5158235009279573254
3521 3521 9659 9647 9913 9700 9972 9718 9877 9710 10000 6529621297060128642
3521 3521 9659 9647 9913 9700 9972 9718 9877 9710 10000 13740920163241757750
3521 3521 9654 9644 9912 9696 9972 9714 9876 9708 10000 17337797299449120239
3521 3521 9654 9644 9912 9696 9972 9714 9876 9708 10000 12392116436498783475
3521 3521 9654 9644 9912 9696 9972 9714 9876 9708 10000 6052366391307527879
3521 3521 9654 9644 9912 9696 9972 9714 9876 9708 10000 16077477598202710240
3647 3647 9648 9644 9910 9691 9971 9709 9874 9705 10000 5636333784295914382
3647 3647 9648 9644 9910 9691 9971 9709 9874 9705 10000 9634079557643633234
3647 3647 9648 9644 9910 9691 9971 9709 9874 9705 10000 5039915050336235318
3647 3647 9648 9644 9910 9691 9971 9709 9874 9705 10000 13061955409108211042
3647 3647 9643 9641 9909 9687 9971 9705 9873 9703 10000 4649415632095245335
3647 3647 9643 9641 9909 9687 9971 9705 9873 9703 10000 16387271260279847699
3647 3647 9643 9641 9909 9687 9971 9705 9873 9703 10000 15523002621625485135
3647 3647 9643 9641 9909 9687 9971 9705 9873 9703 10000 12424839702449417843
3647 3647 9638 9638 9908 9683 9971 9701 9872 9701 10000 4344645168189766732
3647 3647 9638 9638 9908 9683 9971 9701 9872 9701 10000 9185540931815335440
3647 3647 9638 9638 9908 9683 9971 9701 9872 9701 10000 6888145794979246052
3647 3647 9638 9638 9908 9683 9971 9701 9872 9701 10000 2017490001368078656
3647 3647 9633 9635 9907 9679 9971 9697 9871 9699 10000 6928802590740350777
3647 3647 9633 9635 9907 9679 9971 9697 9871 9699 10000 3925657442469229869
3647 3647 9633 9635 9907 9679 9971 9697 9871 9699 10000 9089432080562752593
3647 3647 9633 9635 9907 9679 9971 9697 9871 9699 10000 2716571170693273261
3647 3647 9628 9632 9906 9675 9971 9693 9870 9697 10000 17163533102550975287
3647 3647 9628 9632 9906 9675 9971 9693 9870 9697 10000 4116629245681501891
3647 3647 9628 9632 9906 9675 9971 9693 9870 9697 10000 11013802045961772655
3647 3647 9628 9632 9906 9675 9971 9693 9870 9697 10000 13156667417164530611
3647 3647 9623 9629 9905 9671 9971 9689 9869 9695 10000 10506962987193789201
3647 3647 9623 9629 9905 9671 9971 9689 9869 9695 10000 14044756405004249757
3647 3647 9623 9629 9905 9671 9971 9689 9869 9695 10000 7244974301414026489
3647 3647 9623 9629 9905 9671 9971 9689 9869 9695 10000 15042310965200802992
3647 3647 9617 9625 9903 9666 9970 9684 9867 9692 10000 1441991716479603171
3647 3647 9617 9625 9903 9666 9970 9684 9867 9692 10000 8616472256861826071
3647 3647 9617 9625 9903 9666 9970 9684 9867 9692 10000 6346098585714198075
3647 3647 9617 9625 9903 9666 9970 9684 9867 9692 10000 17232699714421926887
3647 3647 9612 9622 9902 9662 9970 9680 9866 9690 10000 8855462739411240474
3647 3647 9612 9622 9902 9662 9970 9680 9866 9690 10000 14842858507966834638
3647 3647 9612 9622 9902 9662 9970 9680 9866 9690 10000 11760245849084997410
3647 3647 9612 9622 9902 9662 9970 9680 9866 9690 10000 11830386653873223902
3647 3647 9607 9619 9901 9658 9970 9676 9865 9688 10000 9775871072423911657
3647 3647 9607 9619 9901 9658 9970 9676 9865 9688 10000 5820664529136624365
3647 3647 9607 9619 9901 9658 9970 9676 9865 9688 10000 17703980441835636289
3647 3647 9607 9619 9901 9658 9970 9676 9865 9688 10000 6390947699192215773
3647 3647 9602 9616 9900 9654 9970 9672 9864 9686 10000 12611947756446746414
3647 3647 9602 9616 9900 9654 9970 9672 9864 9686 10000 15362410642709854050
3647 3647 9602 9616 9900 9654 9970 9672 9864 9686 10000 3301182420724492006
3647 3647 9602 9616 9900 9654 9970 9672 9864 9686 10000 3506485045614817874
3647 3647 9597 9613 9899 9650 9970 9668 9863 9684 10000 16383604630211672540
3647 3647 9597 9613 9899 9650 9970 9668 9863 9684 10000 6150496821963618120
3647 3647 9597 9613 9899 9650 9970 9668 9863 9684 10000 8230958141123291940
3647 3647 9597 9613 9899 9650 9970 9668 9863 9684 10000 11829635214637856088
3647 3647 9592 9610 9898 9646 9970 9664 9862 9682 10000 2586985777141925019
3647 3647 9592 9610 9898 9646 9970 9664 9862 9682 10000 14074363462213466599
3647 3647 9592 9610 9898 9646 9970 9664 9862 9682 10000 5415827888699764238
