24 4
1 5 0 -1 2 1 1 0 0 0 0 0 0
1 5 0 -1 3 2 0 0 0 0 0 0 0
1 5 0 -1 3 2 0 0 0 0 0 0 0
1 5 0 -1 4 3 0 0 0 0 0 0 0
1 5 0 -1 1 1 0 0 0 0 0 0 0
1 5 3 -1 16 2 0 0 0 0 0 0 0
1 5 3 -1 16 2 0 0 0 0 0 0 0
1 5 3 -1 16 1 0 0 0 0 0 0 0
1 5 0 -1 2 1 1 0 0 0 0 0 0
1 5 0 -1 2 1 1 0 0 0 0 0 0
1 5 0 -1 1 1 0 0 0 0 0 0 0
1 5 0 -1 3 2 0 0 0 0 0 0 0
1 5 0 -1 4 3 0 0 0 0 0 0 0
1 5 0 -1 4 3 0 0 0 0 0 0 0
1 3 -1 9 14 4 0 1 0 0 0 0 1
1 5 0 -1 1 1 0 0 0 0 0 0 0
1 5 0 -1 1 1 0 0 0 0 0 0 0
1 5 3 -1 16 2 0 0 0 0 0 0 0
1 5 3 -1 17 0 1 0 0 0 0 0 0
1 5 0 -1 1 1 0 0 0 0 0 0 0
1 5 0 -1 3 2 0 0 0 0 0 0 0
1 5 0 -1 4 3 0 0 0 0 0 0 0
1 5 2 -1 11 2 0 0 2 0 0 0 0
1 3 -1 9 14 2 0 1 0 0 0 0 1
1 4 -1 10 22 3 0 1 0 0 0 0 1
1 4 -1 10 17 0 0 2 0 0 0 0 1
1 4 -1 11 15 4 0 1 0 0 0 0 1
1 5 0 -1 1 1 0 0 0 0 0 0 0
1 5 0 -1 2 1 1 0 0 0 0 0 0
1 5 3 -1 17 0 1 0 0 0 0 0 0
1 5 0 -1 3 2 0 0 0 0 0 0 0
1 5 2 -1 11 2 0 0 2 0 0 0 0
1 3 -1 9 13 2 0 1 0 0 0 0 1
1 4 -1 11 24 4 0 1 0 0 0 0 1
1 4 -1 10 24 3 0 1 0 0 0 0 1
1 4 -1 10 18 6 0 1 0 0 0 0 1
1 4 -1 11 16 0 0 2 0 0 0 0 1
1 5 0 -1 1 1 0 0 0 0 0 0 0
1 5 0 -1 1 1 0 0 0 0 0 0 0
1 5 3 -1 17 0 1 0 0 0 0 0 0
1 5 2 -1 11 2 0 0 2 0 0 0 0
1 4 -1 11 14 0 0 3 0 0 0 0 1
1 4 -1 10 21 0 0 2 0 0 0 0 1
1 4 -1 11 24 4 0 1 0 0 0 0 1
1 4 -1 10 24 3 0 1 0 0 0 0 1
1 4 -1 10 18 3 0 1 0 0 0 0 1
1 4 -1 10 17 0 0 2 0 0 0 0 1
1 4 -1 11 16 0 0 2 0 0 0 0 1
1 5 0 -1 1 1 0 0 0 0 0 0 0
1 5 0 -1 1 1 0 0 0 0 0 0 0
1 5 0 -1 1 1 0 0 0 0 0 0 0
1 5 3 -1 13 0 1 0 0 0 0 0 0
1 5 3 -1 13 0 1 0 0 0 0 0 0
1 5 3 -1 13 0 1 0 0 0 0 0 0
1 5 3 -1 13 0 1 0 0 0 0 0 0
0 0 -1 -1 0 0 0 0 0 0 0 0 0
0 0 -1 -1 0 0 0 0 0 0 0 0 0
0 0 -1 -1 0 0 0 0 0 0 0 0 0
0 0 -1 -1 0 0 0 0 0 0 0 0 0
0 0 -1 -1 0 0 0 0 0 0 0 0 0
1 5 0 -1 2 1 1 0 0 0 0 0 0
1 5 3 -1 13 0 1 0 0 0 0 0 0
1 5 3 -1 13 0 1 0 0 0 0 0 0
1 5 3 -1 13 0 1 0 0 0 0 0 0
1 5 3 -1 13 0 1 0 0 0 0 0 0
0 0 -1 -1 0 0 0 0 0 0 0 0 0
0 0 -1 -1 0 0 0 0 0 0 0 0 0
0 0 -1 -1 0 0 0 0 0 0 0 0 0
0 0 -1 -1 0 0 0 0 0 0 0 0 0
0 0 -1 -1 0 0 0 0 0 0 0 0 0
1 5 0 -1 3 2 0 0 0 0 0 0 0
1 5 0 -1 2 1 1 0 0 0 0 0 0
1 5 3 -1 13 0 1 0 0 0 0 0 0
1 5 3 -1 13 0 1 0 0 0 0 0 0
1 5 3 -1 13 0 1 0 0 0 0 0 0
0 0 -1 -1 0 0 0 0 0 0 0 0 0
0 0 -1 -1 0 0 0 0 0 0 0 0 0
0 0 -1 -1 0 0 0 0 0 0 0 0 0
0 2 -1 -1 0 0 0 0 0 0 0 0 0
0 0 -1 -1 0 0 0 0 0 0 0 0 0
1 5 0 -1 1 1 0 0 0 0 0 0 0
1 5 0 -1 3 2 0 0 0 0 0 0 0
1 5 0 -1 2 1 1 0 0 0 0 0 0
1 5 3 -1 13 0 1 0 1 0 0 0 0
1 5 3 -1 13 0 1 0 0 0 0 0 0
0 0 -1 -1 0 0 0 0 0 0 0 0 0
0 0 -1 -1 0 0 0 0 0 0 0 0 0
0 0 -1 -1 0 0 0 0 0 0 0 0 0
0 0 -1 -1 0 0 0 0 0 0 0 0 0
0 0 -1 -1 0 0 0 0 0 0 0 0 0
1 5 0 -1 2 1 1 0 0 0 0 0 0
1 5 0 -1 4 3 0 0 0 0 0 0 0
1 5 0 -1 3 2 0 0 0 0 0 0 0
1 5 0 -1 1 1 0 0 0 0 0 0 0
1 5 0 -1 1 1 0 0 0 0 0 0 0
0 0 -1 -1 0 0 0 0 0 0 0 0 0
0 0 -1 -1 0 0 0 0 0 0 0 0 0
0 0 -1 -1 0 0 0 0 0 0 0 0 0
0 0 -1 -1 0 0 0 0 0 0 0 0 0
0 0 -1 -1 0 0 0 0 0 0 0 0 0
30 0 6 21 0 6 9 8 18 0 0 0 
0 0 0 0 0 
