0 1 1201301738 0 16497299122324328382 17795690581550109641 99787 122310
0 0 1201301738 0 17730427897236410498 17730427897236410498 100742 100742
1 1 1201301738 0 17795690581550109641 17795690581550109641 134235 134235
0 2 1201301738 0 329175065652174502 18337110298169572903 187066 3000
1 2 1201301738 0 17795690581550109641 18337110298169572903 176718 3000
0 1 1201301738 1 17795690581550109641 16497299122324328382 122310 99787
0 0 1201301738 1 17730427897236410498 17730427897236410498 100742 100742
1 1 1201301738 1 17795690581550109641 17795690581550109641 134235 134235
0 2 1201301738 1 18337110298169572903 329175065652174502 3000 187066
1 2 1201301738 1 18337110298169572903 17795690581550109641 3000 176718
0 1 1470762556 0 1756155178773363946 17795690581550109641 82572 70032
0 0 1470762556 0 18372627693499453174 18372627693499453174 82149 82149
1 1 1470762556 0 17795690581550109641 17795690581550109641 60314 60314
0 2 1470762556 0 13375983576577799582 18337110298169572903 141386 3000
1 2 1470762556 0 17795690581550109641 18337110298169572903 132446 3000
0 1 1470762556 1 17795690581550109641 1756155178773363946 70032 82572
0 0 1470762556 1 18372627693499453174 18372627693499453174 82149 82149
1 1 1470762556 1 17795690581550109641 17795690581550109641 60314 60314
0 2 1470762556 1 18337110298169572903 13375983576577799582 3000 141386
1 2 1470762556 1 18337110298169572903 17795690581550109641 3000 132446

