1 10 10 6 1 0 0 0 1 0 1 1 0 1 1 0 1 1 0 1 1 0 1 1 0 1 1 0 1 1 0 1 1 0 1
10 7 5 0 2 5 0 2 5 0 1 2 0 1 4 0 1 5 0 2 5 0 2 5 8 1 0 0 1 5 0 3 0 0 0 1 0 1 1 0 1 0 0 0 0 0 0 1 0 1 1 0 1
14 0 1 0 1 1 0 1 1 0 1 2 0 1 3 0 1 3 0 1 4 0 1 5 0 1 5 0 2 15 0 1 1 0 1 5 0 2 2 0 1 9 0 1
14 0 15 0 1 1 0 1 1 0 1 4 0 1 2 0 1 1 0 1 9 0 1 1 0 1 15 0 1 17 0 1 5 0 2 4 0 1 2 0 1 2 0 1
14 0 17 0 1 1 0 1 1 0 1 9 0 1 9 0 1 1 0 1 1 0 1 3 0 1 17 0 1 16 0 1 3 0 1 4 0 1 2 0 1 2 0 1
14 0 16 0 1 10 3 1 15 0 1 0 0 1 2 0 1 15 0 1 1 0 1 1 0 1 16 0 1 10 6 1 3 0 1 4 0 1 3 0 1 9 0 1
14 0 10 6 1 3 0 1 17 0 1 2 0 1 9 0 1 17 0 1 15 0 1 15 0 1 1 0 1 0 0 1 3 0 1 10 7 1 1 0 1 3 0 1
14 0 2 0 1 10 3 1 16 0 1 9 0 1 4 0 1 16 0 1 17 0 1 17 0 1 1 0 1 1 0 1 10 3 1 15 0 1 3 0 1 0 0 1
14 0 7 6 6 2 0 1 10 6 1 4 0 1 9 0 1 3 0 1 16 0 1 16 0 1 1 0 1 15 0 1 3 0 1 17 0 1 9 0 1 0 0 1
14 2 3 0 1 2 0 1 4 0 1 9 0 1 4 0 1 10 3 1 1 0 1 3 0 1 10 5 1 17 0 1 10 3 1 16 0 1 1 0 1 4 0 1 0 0 0 3 0 1
14 0 1 0 1 3 0 1 4 0 1 4 0 1 9 0 1 3 0 1 10 5 1 3 0 1 15 0 1 16 0 1 4 0 1 2 0 1 3 0 1 2 0 1
14 2 1 0 1 10 3 1 4 0 1 9 0 1 2 0 1 10 3 1 15 0 1 3 0 1 17 0 1 10 6 1 4 0 1 9 0 1 3 0 1 9 0 1 0 0 0 3 0 1
14 1 15 0 1 2 0 1 0 0 1 4 0 1 9 0 1 2 0 1 17 0 1 11 0 1 16 0 1 2 0 1 4 0 1 3 0 1 1 0 1 1 0 1 3 0 1
14 0 17 0 1 4 0 1 9 0 1 9 0 1 3 0 1 10 3 1 16 0 1 9 0 1 4 0 1 4 0 1 4 0 1 3 0 1 9 0 1 1 0 1
14 0 16 0 1 15 0 1 10 0 1 4 0 1 9 0 1 4 0 1 1 0 1 1 0 1 4 0 1 7 0 1 7 3 4 3 0 1 4 0 1 9 0 1
14 0 1 0 1 17 0 1 8 0 1 9 0 1 4 0 1 4 0 1 9 0 1 11 0 1 9 0 1 6 0 1 4 0 1 7 7 6 9 0 1 3 0 1
14 2 3 0 1 16 0 1 9 0 1 10 0 1 4 0 1 2 0 1 10 0 1 9 0 1 10 0 1 1 0 1 4 0 1 4 0 1 3 0 1 3 0 1 0 0 0 3 0 2
14 0 3 0 1 4 0 1 1 0 1 8 0 1 9 0 1 4 0 1 8 0 1 1 0 1 8 0 1 4 0 1 4 0 1 4 0 1 2 0 1 9 0 1
14 1 3 0 1 7 3 6 9 0 1 9 0 1 4 0 1 7 3 6 9 0 1 9 0 1 9 0 1 4 0 1 15 0 1 9 0 1 4 0 1 3 0 1 3 0 1
14 3 11 0 1 4 0 1 4 0 1 2 0 1 9 0 1 3 0 1 1 0 1 10 0 1 1 0 1 4 0 1 17 0 1 1 0 1 4 0 1 9 0 1 0 0 0 0 0 0 3 0 1
14 1 9 0 1 4 0 1 9 0 1 3 0 1 1 0 1 3 0 1 9 0 1 1 0 1 9 0 1 4 0 1 16 0 1 1 0 1 9 0 1 1 0 1 3 0 1
14 0 3 0 1 15 0 1 10 0 1 9 0 1 9 0 1 15 0 1 10 0 1 12 0 1 4 0 1 9 0 1 0 0 1 15 0 1 1 0 1 3 0 1
14 0 8 0 1 17 0 1 8 0 1 3 0 1 3 0 1 17 0 1 8 0 1 8 0 1 11 0 1 1 0 1 2 0 1 17 0 1 9 0 1 9 0 1
14 0 9 0 1 16 0 1 9 0 1 9 0 1 9 0 1 16 0 1 9 0 1 9 0 1 9 0 1 9 0 1 0 0 1 16 0 1 0 0 1 0 0 1
