1 10 5 0 2 0 0 0 1 0 1 1 0 1 1 0 1 1 0 1 1 0 1 1 0 1 1 0 1 1 0 1 1 0 1
10 7 3 0 1 3 0 1 5 8 2 2 0 1 2 0 1 5 0 3 5 0 1 5 0 3 3 0 1 1 0 1 0 0 0 1 0 1 1 0 1 0 0 0 0 0 0 1 0 1 1 0 1
14 0 3 0 1 1 0 1 2 0 1 4 0 1 9 0 1 3 0 1 4 0 1 4 0 1 5 0 3 3 0 1 5 0 3 3 0 1 9 0 1 3 0 1
14 0 3 0 1 1 0 1 9 0 1 2 0 1 2 0 1 15 0 1 1 0 1 4 0 1 10 6 1 3 0 1 1 0 1 5 0 2 3 0 1 3 0 1
14 0 3 0 1 1 0 1 2 0 1 2 0 1 2 0 1 17 0 1 4 0 1 9 0 1 4 0 1 9 0 1 15 0 1 1 0 1 3 0 1 4 0 1
14 0 10 3 1 1 0 1 4 0 1 4 0 1 9 0 1 16 0 1 4 0 1 2 0 1 15 0 1 10 3 1 10 6 1 1 0 1 3 0 1 2 0 1
14 0 1 0 1 10 3 1 9 0 1 9 0 1 2 0 1 1 0 1 15 0 1 9 0 1 16 0 1 1 0 1 17 0 1 15 0 1 9 0 1 3 0 1
14 0 10 3 1 3 0 1 4 0 1 4 0 1 9 0 1 15 0 1 17 0 1 4 0 1 10 6 1 10 3 1 16 0 1 17 0 1 2 0 1 2 0 1
14 0 2 0 1 3 0 1 9 0 1 9 0 1 2 0 1 17 0 1 16 0 1 9 0 1 4 0 1 1 0 1 1 0 1 16 0 1 4 0 1 2 0 1
14 2 3 0 1 9 0 1 1 0 1 10 0 1 9 0 1 16 0 1 1 0 1 1 0 1 15 0 1 4 0 1 15 0 1 1 0 1 2 0 1 9 0 1 0 0 0 3 0 1
14 1 10 3 1 10 0 1 4 0 1 4 0 1 4 0 1 1 0 1 1 0 1 9 0 1 17 0 1 10 3 1 17 0 1 9 0 1 2 0 1 1 0 1 3 0 1
14 0 4 0 1 8 0 1 9 0 1 9 0 1 9 0 1 15 0 1 1 0 1 1 0 1 16 0 1 4 0 1 16 0 1 4 0 1 4 0 1 4 0 1
14 1 4 0 1 9 0 1 1 0 1 1 0 1 1 0 1 17 0 1 0 0 1 15 0 1 10 7 1 10 3 1 10 6 1 15 0 1 4 0 1 9 0 1 3 0 1
14 0 15 0 1 3 0 1 9 0 1 9 0 1 4 0 1 16 0 1 11 0 1 17 0 1 3 0 1 1 0 1 4 0 1 17 0 1 9 0 1 1 0 1
14 0 17 0 1 9 0 1 4 0 1 10 0 1 8 0 1 10 7 1 9 0 1 16 0 1 3 0 1 10 3 1 15 0 1 16 0 1 1 0 1 3 0 1
14 2 16 0 1 10 0 1 9 0 1 8 0 1 9 0 1 3 0 1 4 0 1 1 0 1 6 0 1 2 0 1 17 0 1 4 0 1 9 0 1 3 0 1 0 0 0 3 0 2
14 0 4 0 1 8 0 1 1 0 1 9 0 1 4 0 1 3 0 1 9 0 1 15 0 1 4 0 1 2 0 1 16 0 1 9 0 1 3 0 1 9 0 1
14 0 4 0 1 9 0 1 1 0 1 4 0 1 4 0 1 10 3 1 1 0 1 17 0 1 5 8 1 2 0 1 10 5 1 4 0 1 1 0 1 0 0 1
14 1 7 3 6 2 0 1 0 0 1 9 0 1 9 0 1 1 0 1 9 0 1 16 0 1 17 0 1 2 0 1 4 0 1 9 0 1 9 0 1 4 0 1 3 0 1
14 2 1 0 1 9 0 1 11 0 1 1 0 1 2 0 1 9 0 1 10 0 1 3 0 1 1 0 1 7 3 10 4 0 1 1 0 1 3 0 1 9 0 1 0 0 0 3 0 1
14 0 15 0 1 2 0 1 9 0 1 9 0 1 9 0 1 4 0 1 8 0 1 15 0 1 1 0 1 5 0 1 0 0 1 11 0 1 3 0 1 3 0 1
14 0 17 0 1 9 0 1 1 0 1 10 0 1 10 0 1 10 3 1 9 0 1 17 0 1 1 0 1 15 0 1 0 0 1 9 0 1 9 0 1 3 0 1
14 0 16 0 1 2 0 1 11 0 1 8 0 1 8 0 1 1 0 1 3 0 1 16 0 1 1 0 1 17 0 1 0 0 1 3 0 1 4 0 1 3 0 1
14 0 10 6 1 9 0 1 9 0 1 9 0 1 9 0 1 10 3 1 9 0 1 10 7 1 9 0 1 16 0 1 9 0 1 9 0 1 9 0 1 9 0 1
