1 10 5 0 3 0 0 0 1 0 1 1 0 1 1 0 1 1 0 1 1 0 1 1 0 1 1 0 1 1 0 1 1 0 1
10 9 4 0 1 1 0 1 9 0 1 9 0 1 0 0 1 1 0 1 1 0 1 4 0 1 5 0 2 5 0 2 0 0 0 0 0 0 0 0 0 1 0 1 0 0 0 4 8 4 1 0 1 1 0 1 1 0 1
14 0 15 0 1 3 0 1 5 8 1 5 0 1 5 0 1 1 0 1 2 0 1 3 0 1 4 0 1 1 0 1 2 0 1 5 0 2 1 0 1 1 0 1
14 0 17 0 1 3 0 1 2 0 1 3 0 1 4 0 1 1 0 1 2 0 1 3 0 1 1 0 1 1 0 1 10 4 1 3 0 1 1 0 1 5 0 3
14 0 16 0 1 10 3 1 2 0 1 9 0 1 4 0 1 10 3 1 9 0 1 10 4 1 15 0 1 15 0 1 6 0 1 3 0 1 1 0 1 1 0 1
14 0 10 7 1 4 0 1 9 0 1 3 0 1 4 0 1 2 0 1 4 0 1 3 0 1 17 0 1 17 0 1 2 0 1 3 0 1 1 0 1 10 6 1
14 0 3 0 1 4 0 1 2 0 1 9 0 1 10 7 1 2 0 1 9 0 1 10 4 1 16 0 1 16 0 1 9 0 1 1 0 1 10 3 1 2 0 1
14 0 15 0 1 2 0 1 9 0 1 1 0 1 15 0 1 2 0 1 2 0 1 3 0 1 4 0 1 4 0 1 10 4 1 10 3 1 3 0 1 7 6 3
14 0 17 0 1 5 0 2 4 0 1 15 0 1 17 0 1 5 0 1 9 0 1 9 0 1 15 0 1 1 0 1 3 0 1 3 0 1 2 0 1 1 0 1
14 0 16 0 1 7 3 2 11 0 1 17 0 1 16 0 1 15 0 1 4 0 1 10 4 1 17 0 1 15 0 1 9 0 1 10 3 1 10 3 1 15 0 1
14 0 10 6 1 3 0 1 9 0 1 16 0 1 4 0 1 17 0 1 9 0 1 3 0 1 16 0 1 17 0 1 10 4 1 4 0 1 1 0 1 17 0 1
14 1 2 0 1 1 0 1 4 0 1 1 0 1 9 0 1 6 0 1 4 0 1 9 0 1 4 0 1 16 0 1 2 0 1 4 0 1 10 3 1 16 0 1 3 0 1
14 1 7 7 4 15 0 1 9 0 1 1 0 1 10 2 1 16 0 1 9 0 1 10 4 1 9 0 1 10 5 1 9 0 1 4 0 1 3 0 1 1 0 1 3 0 2
14 0 4 0 1 17 0 1 10 0 1 10 3 1 2 0 1 10 6 1 10 0 1 4 0 1 10 2 1 1 0 1 10 4 1 4 0 1 10 3 1 15 0 1
14 0 9 0 1 16 0 1 8 0 1 1 0 1 9 0 1 3 0 1 8 0 1 2 0 1 1 0 1 9 0 1 4 0 1 7 3 4 3 0 1 17 0 1
14 0 4 0 1 1 0 1 9 0 1 10 3 1 2 0 1 3 0 1 9 0 1 9 0 1 9 0 1 4 0 1 9 0 1 3 0 1 9 0 1 16 0 1
14 0 9 0 1 15 0 1 4 0 1 3 0 1 9 0 1 3 0 1 4 0 1 10 4 1 4 0 1 9 0 1 10 4 1 15 0 1 10 0 1 10 6 1
14 2 1 0 1 17 0 1 2 0 1 0 0 1 10 0 1 3 0 1 2 0 1 4 0 1 1 0 1 2 0 1 2 0 1 17 0 1 8 0 1 4 0 1 0 0 0 3 0 1
14 1 15 0 1 16 0 1 9 0 1 0 0 1 8 0 1 1 0 1 9 0 1 9 0 1 9 0 1 9 0 1 9 0 1 16 0 1 9 0 1 15 0 1 3 0 3
14 0 17 0 1 10 7 1 3 0 1 9 0 1 9 0 1 9 0 1 2 0 1 10 4 1 1 0 1 4 0 1 10 4 1 4 0 1 3 0 1 17 0 1
14 1 16 0 1 3 0 1 3 0 1 2 0 1 3 0 1 1 0 1 9 0 1 4 0 1 9 0 1 9 0 1 1 0 1 1 0 1 9 0 1 16 0 1 3 0 1
14 0 4 0 1 3 0 1 9 0 1 12 0 1 9 0 1 9 0 1 10 0 1 4 0 1 10 0 1 2 0 1 1 0 1 15 0 1 10 0 1 10 5 1
14 0 2 0 1 2 0 1 3 0 1 8 0 1 3 0 1 1 0 1 8 0 1 1 0 1 8 0 1 9 0 1 1 0 1 17 0 1 8 0 1 0 0 1
14 0 9 0 1 10 3 1 9 0 1 9 0 1 9 0 1 9 0 1 9 0 1 6 0 1 9 0 1 10 2 1 6 0 1 16 0 1 9 0 1 0 0 1
