1 10 4 0 1 6 0 36 1 0 1 1 0 1 1 0 1 1 0 1 1 0 1 1 0 1 1 0 1 1 0 1 1 0 1
10 6 4 0 1 1 0 1 1 0 1 4 0 1 4 0 1 4 0 1 1 0 1 4 0 1 2 0 1 4 0 1 6 1 33 6 5 8 1 0 1 1 0 1 4 8 2 6 8 1
12 1 4 0 1 1 0 1 1 0 1 4 0 1 4 0 1 4 0 1 1 0 1 4 0 1 4 0 1 1 0 1 2 0 1 3 0 1 6 8 9
12 0 2 0 1 1 0 1 3 0 1 2 0 1 0 0 1 10 6 1 3 0 1 4 0 1 4 0 1 4 0 1 2 0 1 3 0 1
12 0 9 0 1 1 0 1 3 0 1 9 0 1 0 0 1 3 0 1 3 0 1 4 0 1 9 0 1 10 5 1 2 0 1 3 0 1
12 1 10 0 1 9 0 1 9 0 1 10 0 1 4 0 1 1 0 1 3 0 1 9 0 1 10 0 1 3 0 1 9 0 1 3 0 1 0 0 0
12 0 2 0 1 10 1 1 10 1 1 2 0 1 2 0 1 3 0 1 9 0 1 10 1 1 3 0 1 3 0 1 10 0 1 9 0 1
12 0 2 0 1 3 0 1 2 0 1 2 0 1 2 0 1 3 0 1 10 1 1 1 0 1 1 0 1 3 0 1 1 0 1 10 1 1
12 0 9 0 1 2 0 1 9 0 1 9 0 1 4 0 1 1 0 1 4 0 1 1 0 1 3 0 1 3 0 1 1 0 1 4 0 1
12 2 10 1 1 9 0 1 10 0 1 10 1 1 2 0 1 10 6 1 2 0 1 1 0 1 3 0 1 10 7 1 1 0 1 4 0 1 6 7 1 6 0 2
12 0 1 0 1 10 0 1 3 0 1 2 0 1 4 0 1 2 0 1 4 0 1 1 0 1 1 0 1 2 0 1 6 0 1 4 0 1
12 0 3 0 1 3 0 1 9 0 1 3 0 1 9 0 1 3 0 1 2 0 1 2 0 1 3 0 1 3 0 1 1 0 1 4 0 1
12 1 1 0 1 9 0 1 10 1 1 9 0 1 10 1 1 2 0 1 4 0 1 3 0 1 3 0 1 10 7 1 16 0 1 6 0 1 6 1 2
12 2 9 0 1 10 1 1 4 0 1 10 1 1 3 0 1 10 6 1 6 0 1 3 0 1 9 0 1 4 0 1 17 0 1 16 0 1 6 7 2 6 6 9
12 1 10 0 1 4 0 1 4 0 1 1 0 1 1 0 1 4 0 1 3 0 1 3 0 1 10 0 1 4 0 1 2 0 1 6 0 1 6 8 1
12 3 3 0 1 2 0 1 4 0 1 3 0 1 3 0 1 7 6 9 4 0 1 2 0 1 4 0 1 6 0 1 7 8 1 4 0 1 6 6 9 6 5 4 6 8 1
12 1 3 0 1 2 0 1 2 0 1 1 0 1 1 0 1 4 0 1 3 0 1 2 0 1 4 0 1 1 0 1 4 0 1 16 0 1 0 0 0
12 3 7 0 2 2 0 1 6 0 1 1 0 1 3 0 1 1 0 1 4 0 1 3 0 1 4 0 1 1 0 1 1 0 1 17 0 1 6 1 9 6 6 1 6 0 6
12 4 6 0 1 6 0 1 1 0 1 1 0 1 3 0 1 4 0 1 1 0 1 7 1 2 6 0 1 16 0 1 16 0 1 4 0 1 6 1 6 0 0 0 0 0 0 6 0 6
12 2 1 0 1 3 0 1 16 0 1 6 0 1 1 0 1 1 0 1 0 0 1 4 0 1 2 0 1 17 0 1 3 0 1 16 0 1 6 1 11 6 0 4
12 2 1 0 1 16 0 1 2 0 1 3 0 1 7 1 3 17 0 1 0 0 1 1 0 1 1 0 1 2 0 1 2 0 1 1 0 1 6 1 3 0 0 0
12 2 1 0 1 4 0 1 6 0 1 1 0 1 0 0 1 10 5 1 17 0 1 2 0 1 10 6 1 2 0 1 7 8 1 3 0 1 6 7 1 6 8 1
12 9 1 0 1 7 8 1 0 0 1 2 0 1 0 0 1 4 0 1 10 6 1 17 0 1 6 0 1 4 0 1 2 0 1 2 0 1 6 6 3 6 7 7 0 0 0 0 0 0 0 0 0 0 0 0 0 0 0 6 8 2 0 0 0
12 0 1 0 1 4 0 1 3 0 1 2 0 1 3 0 1 4 0 1 0 0 1 4 0 1 1 0 1 7 8 1 2 0 1 7 8 2
