1 10 5 0 16 1 0 1 1 0 1 1 0 1 1 0 1 1 0 1 1 0 1 1 0 1 1 0 1 1 0 1 1 0 1
11 4 15 0 1 1 0 1 4 0 1 3 0 1 5 0 2 3 0 1 4 0 1 4 0 1 5 0 2 10 6 1 3 0 1 6 8 9 6 8 1 0 0 0 4 8 2
11 1 10 6 1 10 6 1 4 0 1 1 0 1 1 0 1 3 0 1 4 0 1 9 0 1 5 8 2 7 6 6 9 0 1 6 6 6
11 1 7 6 3 2 0 1 9 0 1 1 0 1 4 0 1 10 7 1 4 0 1 3 0 1 1 0 1 5 0 5 2 0 1 6 6 3
11 1 17 0 1 7 6 5 4 0 1 10 7 1 0 0 1 4 0 1 9 0 1 3 0 1 1 0 1 1 0 1 9 0 1 6 6 3
11 0 5 8 4 4 0 1 4 0 1 2 0 1 15 0 1 4 0 1 4 0 1 9 0 1 15 0 1 15 0 1 2 0 1
11 1 16 0 1 2 0 1 9 0 1 4 0 1 17 0 1 6 0 1 0 0 1 2 0 1 17 0 1 17 0 1 9 0 1 6 7 6
11 1 1 0 1 4 0 1 2 0 1 6 0 1 16 0 1 5 0 4 2 0 1 9 0 1 16 0 1 16 0 1 2 0 1 6 7 3
11 0 10 6 1 9 0 1 9 0 1 5 0 1 4 0 1 15 0 1 0 0 1 4 0 1 10 6 1 1 0 1 9 0 1
11 1 15 0 1 2 0 1 10 0 1 3 0 1 15 0 1 17 0 1 2 0 1 4 0 1 1 0 1 15 0 1 3 0 1 3 0 1
11 0 17 0 1 9 0 1 8 0 1 3 0 1 17 0 1 16 0 1 0 0 1 9 0 1 15 0 1 17 0 1 1 0 1
11 1 16 0 1 4 0 1 9 0 1 15 0 1 16 0 1 4 0 1 9 0 1 2 0 1 17 0 1 16 0 1 9 0 1 3 0 1
11 0 1 0 1 9 0 1 3 0 1 17 0 1 4 0 1 4 0 1 10 0 1 9 0 1 16 0 1 3 0 1 1 0 1
11 0 4 0 1 2 0 1 9 0 1 16 0 1 0 0 1 15 0 1 8 0 1 2 0 1 4 0 1 15 0 1 3 0 1
11 1 15 0 1 9 0 1 2 0 1 1 0 1 4 0 1 17 0 1 9 0 1 9 0 1 9 0 1 17 0 1 9 0 1 3 0 2
11 0 17 0 1 2 0 1 9 0 1 1 0 1 11 0 1 16 0 1 2 0 1 2 0 1 4 0 1 16 0 1 1 0 1
11 1 16 0 1 9 0 1 10 0 1 3 0 1 9 0 1 4 0 1 9 0 1 9 0 1 9 0 1 2 0 1 9 0 1 3 0 1
11 0 10 5 1 10 0 1 8 0 1 1 0 1 1 0 1 15 0 1 2 0 1 4 0 1 4 0 1 15 0 1 3 0 1
11 0 1 0 1 8 0 1 9 0 1 1 0 1 11 0 1 17 0 1 9 0 1 9 0 1 11 0 1 17 0 1 9 0 1
11 1 1 0 1 9 0 1 2 0 1 9 0 1 9 0 1 16 0 1 3 0 1 4 0 1 9 0 1 16 0 1 3 0 1 3 0 2
11 1 9 0 1 3 0 1 9 0 1 3 0 1 1 0 1 4 0 1 9 0 1 9 0 1 2 0 1 2 0 1 9 0 1 6 0 9
11 0 4 0 1 9 0 1 10 0 1 9 0 1 9 0 1 15 0 1 10 0 1 10 0 1 9 0 1 15 0 1 4 0 1
11 0 11 0 1 1 0 1 8 0 1 2 0 1 1 0 1 17 0 1 8 0 1 8 0 1 4 0 1 17 0 1 2 0 1
11 0 9 0 1 9 0 1 9 0 1 9 0 1 9 0 1 16 0 1 9 0 1 9 0 1 0 0 1 16 0 1 9 0 1
