1 10 1 0 1 1 0 1 1 0 1 1 0 1 1 0 1 1 0 1 1 0 1 1 0 1 1 0 1 1 0 1 2 0 1
10 4 4 0 1 5 0 5 5 0 6 4 0 1 4 0 1 5 0 5 3 0 1 1 0 1 2 0 1 2 0 1 6 8 14 3 4 12 1 0 1 1 0 1
12 0 10 7 1 4 0 1 15 0 1 1 0 1 4 0 1 15 0 1 1 0 1 1 0 1 4 0 1 9 0 1 8 4 1 0 0 1
12 0 3 0 1 15 0 1 17 0 1 10 7 1 4 0 1 17 0 1 3 0 1 1 0 1 2 0 1 2 0 1 2 0 1 2 0 1
12 0 2 0 1 17 0 1 16 0 1 3 0 1 4 0 1 16 0 1 3 0 1 4 0 1 4 0 1 4 0 1 2 0 1 9 0 1
12 1 7 7 4 16 0 1 1 0 1 6 0 1 1 0 1 1 0 1 3 0 1 4 0 1 4 0 1 9 0 1 8 4 1 2 0 1 6 7 8
12 0 1 0 1 1 0 1 15 0 1 3 0 1 4 0 1 15 0 1 1 0 1 4 0 1 4 0 1 3 0 1 9 0 1 8 4 1
12 0 10 6 1 15 0 1 17 0 1 5 0 3 1 0 1 17 0 1 1 0 1 1 0 1 2 0 1 9 0 1 1 0 1 2 0 1
12 0 2 0 1 17 0 1 16 0 1 3 0 1 1 0 1 16 0 1 9 0 1 4 0 1 2 0 1 2 0 1 9 0 1 3 0 1
12 1 10 6 1 16 0 1 1 0 1 15 0 1 1 0 1 1 0 1 10 0 1 1 0 1 4 0 1 9 0 1 3 0 1 8 4 1 3 0 3
12 0 2 0 1 4 0 1 15 0 1 17 0 1 9 0 1 15 0 1 8 0 1 8 0 1 8 0 1 2 0 1 3 0 1 9 0 1
12 2 0 0 1 15 0 1 17 0 1 16 0 1 10 0 1 17 0 1 9 0 1 9 0 1 9 0 1 2 0 1 8 4 1 1 0 1 6 8 2 3 0 1
12 1 4 0 1 17 0 1 16 0 1 3 0 1 8 0 1 16 0 1 1 0 1 3 0 1 1 0 1 9 0 1 1 0 1 3 0 1 3 0 1
12 0 9 0 1 16 0 1 3 0 1 15 0 1 9 0 1 1 0 1 8 0 1 3 0 1 9 0 1 4 0 1 4 0 1 9 0 1
12 0 4 0 1 2 0 1 15 0 1 17 0 1 3 0 1 15 0 1 9 0 1 3 0 1 1 0 1 9 0 1 2 0 1 3 0 1
12 1 9 0 1 15 0 1 17 0 1 16 0 1 3 0 1 17 0 1 4 0 1 9 0 1 9 0 1 4 0 1 8 4 1 8 4 1 3 0 1
12 1 4 0 1 17 0 1 16 0 1 2 0 1 9 0 1 16 0 1 8 0 1 10 0 1 1 0 1 9 0 1 9 0 1 9 0 1 3 0 1
12 1 4 0 1 16 0 1 2 0 1 0 0 1 10 0 1 2 0 1 9 0 1 8 0 1 9 0 1 4 0 1 1 0 1 4 0 1 3 0 1
12 0 9 0 1 4 0 1 15 0 1 4 0 1 8 0 1 4 0 1 2 0 1 9 0 1 2 0 1 9 0 1 3 0 1 4 0 1
12 0 1 0 1 15 0 1 17 0 1 8 4 1 9 0 1 15 0 1 2 0 1 2 0 1 3 0 1 1 0 1 3 0 1 4 0 1
12 1 9 0 1 17 0 1 16 0 1 3 0 1 2 0 1 17 0 1 2 0 1 9 0 1 9 0 1 9 0 1 8 4 1 2 0 1 6 0 9
12 0 0 0 1 16 0 1 2 0 1 8 4 1 9 0 1 16 0 1 2 0 1 0 0 1 0 0 1 3 0 1 3 0 1 2 0 1
12 0 0 0 1 1 0 1 2 0 1 0 0 1 4 0 1 0 0 1 2 0 1 0 0 1 0 0 1 9 0 1 8 4 1 8 4 1
12 0 0 0 1 9 0 1 9 0 1 9 0 1 9 0 1 0 0 1 9 0 1 0 0 1 0 0 1 0 0 1 9 0 1 9 0 1
