1 8 5 0 2 0 0 0 1 0 1 1 0 1 1 0 1 1 0 1 1 0 1 1 0 1 1 0 1
8 6 1 0 1 2 0 1 9 0 1 4 0 1 5 0 4 5 0 4 4 0 1 4 0 1 0 0 0 1 0 1 1 0 1 1 0 1 0 0 0 4 8 1
11 0 15 0 1 5 0 2 2 0 1 4 0 1 4 0 1 4 0 1 9 0 1 5 8 1 5 0 1 5 0 3 3 0 1
11 0 16 0 1 1 0 1 9 0 1 4 0 1 15 0 1 15 0 1 4 0 1 2 0 1 1 0 1 15 0 1 3 0 1
11 0 10 6 1 1 0 1 4 0 1 9 0 1 17 0 1 17 0 1 4 0 1 2 0 1 1 0 1 5 8 1 1 0 1
11 0 17 0 1 1 0 1 9 0 1 2 0 1 16 0 1 16 0 1 4 0 1 4 0 1 1 0 1 3 0 1 1 0 1
11 0 3 0 1 15 0 1 2 0 1 9 0 1 4 0 1 10 6 1 9 0 1 4 0 1 15 0 1 4 0 1 9 0 1
11 1 15 0 1 17 0 1 9 0 1 1 0 1 15 0 1 1 0 1 1 0 1 11 0 1 17 0 1 17 0 1 0 0 1 3 1 1
11 1 17 0 1 16 0 1 3 0 1 4 0 1 17 0 1 4 0 1 9 0 1 9 0 1 16 0 1 16 0 1 3 0 1 3 1 2
11 0 16 0 1 3 0 1 9 0 1 9 0 1 16 0 1 15 0 1 1 0 1 2 0 1 3 0 1 3 0 1 0 0 1
11 0 4 0 1 15 0 1 2 0 1 2 0 1 4 0 1 17 0 1 9 0 1 9 0 1 9 0 1 15 0 1 0 0 1
11 1 1 0 1 17 0 1 9 0 1 9 0 1 15 0 1 16 0 1 1 0 1 10 0 1 3 0 1 17 0 1 0 0 1 3 1 2
11 2 1 0 1 16 0 1 2 0 1 4 0 1 17 0 1 1 0 1 9 0 1 8 1 1 9 0 1 16 0 1 0 0 1 0 0 0 3 1 1
11 0 1 0 1 3 0 1 9 0 1 9 0 1 16 0 1 15 0 1 1 0 1 9 0 1 10 0 1 3 0 1 9 0 1
11 2 9 0 1 9 0 1 4 0 1 10 0 1 1 0 1 17 0 1 9 0 1 2 0 1 8 1 1 15 0 1 10 0 1 0 0 0 3 1 1
11 0 10 0 1 10 0 1 9 0 1 8 1 1 9 0 1 16 0 1 10 0 1 9 0 1 9 0 1 17 0 1 8 1 1
11 1 8 1 1 8 1 1 10 0 1 9 0 1 1 0 1 3 0 1 8 1 1 4 0 1 3 0 1 16 0 1 9 0 1 3 1 2
11 0 9 0 1 9 0 1 8 1 1 2 0 1 9 0 1 15 0 1 9 0 1 9 0 1 3 0 1 10 7 1 1 0 1
11 5 4 0 1 2 0 1 9 0 1 9 0 1 2 0 1 17 0 1 3 0 1 4 0 1 9 0 1 3 0 1 9 0 1 0 0 0 0 0 0 0 0 0 0 0 0 3 1 1
11 0 9 0 1 4 0 1 1 0 1 3 0 1 3 0 1 16 0 1 9 0 1 1 0 1 3 0 1 9 0 1 10 0 1
11 2 4 0 1 10 7 1 9 0 1 9 0 1 10 5 1 10 6 1 3 0 1 9 0 1 9 0 1 3 0 1 8 1 1 0 0 0 3 1 1
11 4 9 0 1 15 0 1 4 0 1 10 0 1 15 0 1 1 0 1 9 0 1 10 0 1 10 0 1 9 0 1 9 0 1 0 0 0 0 0 0 0 0 0 3 0 1
11 0 4 0 1 17 0 1 4 0 1 8 1 1 16 0 1 4 0 1 2 0 1 8 1 1 8 0 1 1 0 1 3 0 1
11 0 9 0 1 16 0 1 9 0 1 9 0 1 17 0 1 9 0 1 9 0 1 9 0 1 9 0 1 9 0 1 9 0 1
