1 10 3 0 1 6 6 9 1 0 1 1 0 1 1 0 1 1 0 1 1 0 1 1 0 1 1 0 1 1 0 1 1 0 1
10 6 0 0 1 5 0 2 1 0 1 1 0 1 4 0 1 5 0 3 2 0 1 1 0 1 1 0 1 0 0 1 6 5 4 0 0 0 1 0 1 0 0 0 6 8 4 6 8 3
11 1 5 0 2 0 0 1 3 0 1 5 8 3 4 0 1 15 0 1 2 0 1 4 0 1 4 0 1 5 0 4 1 0 1 6 8 2
11 0 1 0 1 15 0 1 5 8 2 5 0 1 4 0 1 17 0 1 2 0 1 5 0 3 4 0 1 3 0 1 5 0 2
11 0 15 0 1 17 0 1 3 0 1 3 0 1 4 0 1 16 0 1 2 0 1 1 0 1 4 0 1 15 0 1 4 0 1
11 0 17 0 1 16 0 1 3 0 1 3 0 1 1 0 1 1 0 1 9 0 1 1 0 1 4 0 1 17 0 1 4 0 1
11 1 16 0 1 4 0 1 3 0 1 15 0 1 9 0 1 1 0 1 10 0 1 15 0 1 10 3 1 16 0 1 15 0 1 3 0 1
11 1 3 0 1 15 0 1 3 0 1 17 0 1 1 0 1 15 0 1 8 0 1 17 0 1 1 0 1 10 6 1 17 0 1 3 0 1
11 0 1 0 1 17 0 1 1 0 1 16 0 1 1 0 1 17 0 1 9 0 1 16 0 1 10 3 1 4 0 1 16 0 1
11 0 15 0 1 16 0 1 10 3 1 1 0 1 9 0 1 16 0 1 4 0 1 4 0 1 3 0 1 7 6 3 10 6 1
11 1 17 0 1 1 0 1 2 0 1 11 0 1 10 0 1 10 6 1 9 0 1 17 0 1 1 0 1 3 0 1 4 0 1 3 0 2
11 1 16 0 1 1 0 1 11 0 1 9 0 1 8 0 1 4 0 1 10 0 1 15 0 1 10 3 1 1 0 1 10 7 1 6 0 3
11 1 1 0 1 1 0 1 9 0 1 1 0 1 9 0 1 1 0 1 8 0 1 10 5 1 1 0 1 15 0 1 15 0 1 3 0 1
11 1 11 0 1 9 0 1 4 0 1 11 0 1 3 0 1 15 0 1 9 0 1 16 0 1 10 3 1 17 0 1 17 0 1 6 6 3
11 0 9 0 1 3 0 1 4 0 1 9 0 1 3 0 1 17 0 1 4 0 1 4 0 1 3 0 1 16 0 1 16 0 1
11 1 3 0 1 3 0 1 4 0 1 3 0 1 9 0 1 16 0 1 9 0 1 9 0 1 3 0 1 4 0 1 4 0 1 0 0 0
11 0 9 0 1 11 0 1 4 0 1 11 0 1 1 0 1 10 5 1 4 0 1 2 0 1 3 0 1 4 0 1 9 0 1
11 2 3 0 1 9 0 1 7 3 2 9 0 1 10 3 1 1 0 1 9 0 1 15 0 1 2 0 1 15 0 1 2 0 1 6 7 1 6 3 8
11 0 10 3 1 1 0 1 3 0 1 3 0 1 0 0 1 9 0 1 1 0 1 17 0 1 2 0 1 17 0 1 9 0 1
11 1 3 0 1 9 0 1 3 0 1 10 3 1 0 0 1 10 0 1 9 0 1 16 0 1 2 0 1 16 0 1 10 0 1 3 0 1
11 0 9 0 1 3 0 1 3 0 1 4 0 1 0 0 1 8 0 1 4 0 1 4 0 1 2 0 1 4 0 1 8 0 1
11 1 10 0 1 9 0 1 11 0 1 2 0 1 0 0 1 9 0 1 9 0 1 9 0 1 6 0 1 15 0 1 9 0 1 6 3 8
11 1 8 0 1 3 0 1 9 0 1 11 0 1 0 0 1 4 0 1 1 0 1 1 0 1 0 0 1 17 0 1 2 0 1 6 7 2
11 0 9 0 1 9 0 1 0 0 1 9 0 1 0 0 1 9 0 1 9 0 1 9 0 1 0 0 1 16 0 1 9 0 1
